 # ID       Xpix           Wavelength          Intens       Line 
    6       66.0        5601.27030264          6321.0          ? 
    7       76.8        5601.60299071        746151.0        ThI 
    8      101.1        5602.62742887         15341.0        ThI 
    9      129.1        5603.76127577          5047.0          ? 
   10        0.0        5603.93538523          5195.0       ArII 
   11        0.0        5604.36849845         10103.0          ? 
   12      146.8        5604.51509026        217484.0       ThII 
   14        0.0        5607.58512158           593.0          ? 
   15        0.0        5607.65593465           522.0          ? 
   16        0.0        5607.76361786           592.0          ? 
   17      231.9        5607.94142833          1184.0          ? 
   18      250.4        5608.76460028          5329.0          ? 
   20      276.5        5609.85548865          2766.0          ? 
   21        0.0        5610.10402521        228905.0        ThI 
   22      285.2        5610.23040143        356435.0        ThI 
   23        0.0        5610.32862217         32457.0        ThI 
   25      314.5        5611.38627642         12675.0          ? 
   27      338.2        5612.43897300          3774.0          ? 
   28      347.2        5612.61648955         26499.0        ThI 
   29        0.0        5614.42041329          1679.0          ? 
   30        0.0        5614.51696548          4462.0          ? 
   31        0.0        5614.88529801          3622.0          ? 
   32        0.0        5615.00700148          4910.0          ? 
   33        0.0        5615.63822272          5349.0          ? 
   34        0.0        5615.72888449         11976.0       ThII 
   35      437.3        5616.33315494          2458.0          ? 
   36        0.0        5616.50280859          2712.0          ? 
   37        0.0        5616.56536786           507.0          ? 
   38      445.9        5616.69107825         10609.0        ThI 
   39        0.0        5617.21730457          1080.0          ? 
   40        0.0        5617.28931432          8070.0        ThI 
   41        0.0        5617.52394159          1586.0          ? 
   42      469.0        5617.64201003         16860.0        ThI 
   44        0.0        5618.56236297          2087.0          ? 
   45        0.0        5618.62988692          1501.0          ? 
   46        0.0        5618.73801901          1240.0          ? 
   47        0.0        5618.92578382          2436.0          ? 
   48        0.0        5619.00623631         13359.0        ThI 
   49        0.0        5619.63606392          3290.0          ? 
   50        0.0        5619.72019343          7760.0          ? 
   51        0.0        5619.97737367         43814.0          ? 
   52        0.0        5620.03034051          7600.0          ? 
   53      545.4        5620.67637180          8284.0          ? 
   55      561.5        5621.28712451          4504.0          ? 
   56      565.1        5621.51715401          1928.0          ? 
   58        0.0        5623.06508417           483.0          ? 
   59        0.0        5623.13887144           406.0          ? 
   60        0.0        5624.46688139           749.0          ? 
   61        0.0        5624.56053535          4754.0          ? 
   62        0.0        5624.66713785          1077.0          ? 
   63        0.0        5624.77121702          4378.0          ? 
   67      702.6        5627.00890075          1706.0          ? 
   68      713.6        5627.49591154          1176.0          ? 
   69        0.0        5628.27008855          2151.0          ? 
   70        0.0        5628.35773912          1343.0          ? 
   71      762.7        5629.31133815         10267.0        ThI 
   72        0.0        5630.21948834          1786.0          ? 
   74        0.0        5630.43181557          2734.0          ? 
   75      808.2        5631.15559106          8921.0       ArII 
   76        0.0        5632.01680879          2444.0          ? 
   77        0.0        5632.12032311          5113.0       NoID 
   78        0.0        5632.18525375          1099.0          ? 
   79      841.9        5632.49255759          4826.0          ? 
   81        0.0        5633.59212559          2060.0          ? 
   82        0.0        5633.64992813          2243.0          ? 
   83        0.0        5634.08917169          1343.0          ? 
   84        0.0        5634.22374871           958.0          ? 
   85        0.0        5634.30620766          1185.0          ? 
   87      966.4        5637.33375815         34367.0          ? 
   88        0.0        5637.82224253           443.0          ? 
   89        0.0        5637.94931256           886.0          ? 
   92     1018.7        5639.30599480          2617.0          ? 
   94     1036.4        5640.07320265          2093.0          ? 
   95     1044.1        5640.36195244          7719.0       NoID 
   96        0.0        5640.43988560           683.0          ? 
   97        0.0        5641.24285390          9842.0        ThI 
   98        0.0        5641.37315906         48338.0        ArI 
  102     1119.8        5643.35009143          1659.0          ? 
  103     1129.3        5643.77855286           516.0          ? 
  104     1138.0        5643.93667458          2607.0          ? 
  105     1140.6        5644.10878756           778.0          ? 
  113        0.0        5652.78057366          1716.0          ? 
  114        0.0        5652.90216914          5162.0       ThII 
  115        0.0        5654.45888385         23644.0       ArII 
  116        0.0        5654.52072331         22445.0       ThII 
  117        0.0        5655.12935855           862.0          ? 
  118        0.0        5655.25365431          2471.0       ArII 
  120        0.0        5655.69674482           435.0          ? 
  121        0.0        5655.75171512          1990.0          ? 
  123     1458.8        5656.29989453          2076.0          ? 
  124        0.0        5656.63764121           689.0          ? 
  125     1469.3        5656.72886081          7556.0        ThI 
  126     1479.9        5657.18183767          5630.0       ThII 
  127        0.0        5657.63428768          7061.0        ThI 
  128        0.0        5657.74273268           888.0          ? 
  130        0.0        5658.04627450          1483.0          ? 
  131        0.0        5658.57932795           970.0          ? 
  132        0.0        5658.69763731          4537.0          ? 
  134     1540.6        5659.48297129           753.0          ? 
  135        0.0        5660.01445415          1889.0       ThII 
  136        0.0        5660.11670581           969.0          ? 
  137     1567.1        5660.34281234           431.0          ? 
  139     1577.1        5660.82340981          5603.0       NoID 
  140     1586.9        5661.14529273           286.0          ? 
  141     1595.3        5661.40810345           540.0          ? 
  143     1655.5        5663.84805392           695.0          ? 
  144     1661.5        5663.97911087          3099.0          ? 
  147        0.0        5665.50885775          1910.0          ? 
  151        0.0        5668.33817907          1830.0          ? 
  152        0.0        5668.40736057          1364.0          ? 
  153        0.0        5668.55254674           268.0          ? 
  154        0.0        5668.63458580           530.0          ? 
  155     1791.9        5668.78641319           539.0          ? 
  156     1840.8        5670.67322456           694.0          ? 
  157     1844.1        5670.81220639           847.0          ? 
  159     1854.7        5671.23857136          1629.0          ? 
  160     1860.6        5671.49675631          3107.0          ? 
  161     1893.9        5672.72318529          1626.0          ? 
  162        0.0        5672.85186288          8706.0          ? 
  163        0.0        5672.97869695         27376.0       ArII 
  164        0.0        5673.12485786          1364.0          ? 
  165        0.0        5673.21328521          1069.0          ? 
  167        0.0        5673.95423404          1113.0          ? 
  168        0.0        5674.04776902           522.0          ? 
  169        0.0        5674.16924753          1216.0          ? 
  170     1941.5        5674.46366779          2724.0          ? 
  171        0.0        5674.59373800           273.0          ? 
  172        0.0        5674.69611062          1549.0          ? 
  173        0.0        5674.77519847           821.0          ? 
  174        0.0        5674.98499835        115288.0          ? 
  175        0.0        5675.01455145         26655.0          ? 
