 # ID       Xpix           Wavelength          Intens       Line 
   10        0.0        4419.77036269          7119.0        ThI 
   11        0.0        4420.00415906          1448.0          ? 
   12        0.0        4420.11254249          6114.0        ThI 
   13       74.5        4420.25689944         14143.0        ThI 
   14        0.0        4421.77686575          1209.0          ? 
   15        0.0        4421.83125341          1564.0       ThII 
   17      138.5        4422.35436051          1218.0          ? 
   18      145.9        4422.62892113          1201.0       NoID 
   19        0.0        4422.78326944          7566.0       ThII 
   20        0.0        4422.88848470          8329.0       NoID 
   21      166.6        4423.26193325          4281.0        ThI 
   22      175.8        4423.52807808          3530.0        ThI 
   24        0.0        4423.91995677          4478.0          ? 
   25        0.0        4423.99443214         29612.0        ArI 
   26        0.0        4424.14504943          1145.0          ? 
   27        0.0        4424.24338551          2617.0        ThI 
   28      203.9        4424.53974338          2217.0        ThI 
   30        0.0        4424.89955852          1172.0       NoID 
   31        0.0        4425.01778435           987.0          ? 
   32        0.0        4425.11573853          2366.0          ? 
   33        0.0        4425.22070585           797.0          ? 
   34      234.2        4425.45017036         12782.0          ? 
   36        0.0        4427.23098086          4130.0        ThI 
   37        0.0        4427.30963812         34694.0          ? 
   38        0.0        4427.41308385           435.0          ? 
   39        0.0        4427.52812652          3105.0        ThI 
   40        0.0        4427.56703226          1480.0        ThI 
   41        0.0        4427.65452320          2780.0       ThII 
   42        0.0        4428.55378910         12270.0        ThI 
   43        0.0        4428.63928556          2051.0          ? 
   45        0.0        4428.82200539           805.0          ? 
   46      337.6        4428.88283335          9579.0       NoID 
   47        0.0        4429.25614893          3087.0       ThII 
   48        0.0        4429.35302938          2074.0       NoID 
   49      369.5        4429.82286551          8233.0        ThI 
   51      416.5        4431.41396300          2536.0        ThI 
   53        0.0        4432.69259386          1244.0          ? 
   54        0.0        4432.80013251          1608.0          ? 
   58        0.0        4434.24817469           969.0          ? 
   59        0.0        4434.32931230           802.0       ThII 
   60      527.7        4434.95700579         16438.0     Contam 
   61      538.9        4435.29228338          2862.0        ThI 
   63      553.4        4435.67840557          5491.0       NoID 
   64        0.0        4435.78988417           349.0          ? 
   65        0.0        4435.89754179           696.0          ? 
   66        0.0        4436.04782616          5125.0       ThII 
   67        0.0        4436.14253119           936.0          ? 
   69      577.7        4436.39798083           738.0          ? 
   70        0.0        4436.55107446          5434.0       ThII 
   71        0.0        4436.62409120          2714.0       NoID 
   72        0.0        4436.68020741           478.0          ? 
   73        0.0        4436.99336683         10810.0       NoID 
   74        0.0        4437.08923355          1343.0          ? 
   76      625.7        4437.91977254          1847.0        ThI 
   77      637.9        4438.44466713           849.0          ? 
   78        0.0        4438.55732642          2273.0       NoID 
   79        0.0        4438.62498158          1730.0       NoID 
   82        0.0        4440.27428666         41244.0        ThI 
   83        0.0        4440.35363573         82916.0        ThI 
   84        0.0        4440.49547733           880.0        ThI 
   87        0.0        4441.14731043           652.0          ? 
   88        0.0        4441.19508083          1492.0        ThI 
   90        0.0        4441.66377823          2892.0          ? 
   91        0.0        4442.51397602          1160.0          ? 
   93      792.5        4443.19841553          1170.0        ThI 
   94        0.0        4443.66547935         53096.0        ThI 
   95        0.0        4443.76728250          5745.0       NoID 
   97        0.0        4444.97829413          1884.0          ? 
   99      898.1        4446.58365974         11934.0        ThI 
  100      903.3        4446.74133616          1758.0        ThI 
  102        0.0        4447.78238360          2271.0          ? 
  103        0.0        4447.83400698         22204.0       ThII 
  104      947.7        4448.03007727          1364.0       NoID 
  105        0.0        4448.45986691         42878.0       ArII 
  106        0.0        4448.55324529          8768.0       ThII 
  109     1009.6        4449.91540702           979.0       NoID 
  110     1019.1        4450.23965650           783.0          ? 
  111        0.0        4450.76537484          7753.0        ThI 
  112        0.0        4450.80435356         31853.0        ThI 
  114        0.0        4451.26863910          2943.0       NoID 
  115        0.0        4451.36002700         11908.0        ThI 
  116     1059.8        4451.58562649           516.0          ? 
  117     1067.5        4451.74077957          2790.0        ThI 
  118     1092.2        4452.43801867          4391.0        ThI 
  120     1105.1        4452.88812794          1028.0       NoID 
  121        0.0        4453.19142794          2340.0       NoID 
  122        0.0        4453.28876927           572.0          ? 
  123        0.0        4453.45384673           601.0          ? 
  124        0.0        4453.54690318           802.0       NoID 
  125        0.0        4453.63433112          1228.0        ThI 
  127     1152.7        4454.34169254          1824.0       NoID 
  129        0.0        4454.73293534          3639.0          ? 
  130        0.0        4454.77380656         30285.0     Contam 
  131     1190.0        4455.57415445          2919.0        ThI 
  132     1199.1        4455.71118531          1146.0       ThII 
  133        0.0        4456.48084229          4263.0       NoID 
  134        0.0        4456.55145666           870.0          ? 
  135        0.0        4456.63253827          1320.0          ? 
  136        0.0        4456.70806635          4663.0       ThII 
  137        0.0        4457.02492677           857.0          ? 
  138        0.0        4457.07843165           545.0          ? 
  139        0.0        4457.14815526           708.0          ? 
  141        0.0        4457.44177781           508.0          ? 
  142        0.0        4457.52633250           571.0          ? 
  145        0.0        4458.16425823           611.0       NoID 
  146        0.0        4458.21476291          2011.0        ThI 
  147        0.0        4458.29127072           589.0          ? 
  149        0.0        4458.87918464         12734.0          ? 
  150        0.0        4458.95887662          7457.0          ? 
  151        0.0        4459.00416267         22062.0        ThI 
  152        0.0        4459.97501457          2123.0        ThI 
  153        0.0        4460.04944493           833.0          ? 
  154     1344.0        4460.18909909          2071.0       NoID 
  156     1363.7        4460.76801038          4458.0          ? 
  157        0.0        4461.06354141          3069.0       ThII 
  158        0.0        4461.12381851          6492.0       ThII 
  160     1385.4        4461.36953969          1081.0          ? 
  162        0.0        4462.69843712          2575.0          ? 
  163        0.0        4462.75239889          1171.0        ThI 
  164        0.0        4463.18803296          1144.0       ThII 
  165        0.0        4463.24332337           731.0        ThI 
  166        0.0        4463.33181303           436.0          ? 
  167        0.0        4463.40565755          1094.0          ? 
  168        0.0        4463.49742034           453.0          ? 
  173     1502.7        4464.95691930          1979.0          ? 
  175     1517.9        4465.46632991           852.0       NoID 
  176     1526.5        4465.67962964           545.0          ? 
  177        0.0        4465.83011594           465.0          ? 
  178        0.0        4465.91763185           722.0          ? 
  180     1548.9        4466.28544581           298.0          ? 
  181        0.0        4466.55336812          1696.0          ? 
  182        0.0        4466.62412846         11240.0        ThI 
  183        0.0        4466.68752173          2995.0       NoID 
  184     1567.4        4466.83910074           402.0          ? 
  185     1572.8        4467.00155088           343.0          ? 
  186        0.0        4467.75818926          1735.0       NoID 
  187        0.0        4467.81556712           535.0          ? 
  189     1629.6        4468.83279274           710.0          ? 
  190     1643.8        4469.18919471          9550.0        ThI 
  191     1647.2        4469.35953677          2022.0          ? 
  193     1662.5        4469.75080254           999.0       ThII 
  194        0.0        4470.00463756           756.0          ? 
  195        0.0        4470.10451821          2003.0        ThI 
  196        0.0        4470.16791448           691.0          ? 
  197        0.0        4470.26117988          5583.0          ? 
  198     1686.0        4470.48923671           524.0          ? 
  200     1723.6        4471.57977597          1589.0          ? 
  203        0.0        4472.17807711          3362.0       NoID 
  204        0.0        4472.22848081          5546.0          ? 
  205        0.0        4472.27297207          6801.0          ? 
  206        0.0        4472.61926970          4077.0        ThI 
  207        0.0        4472.70029332          1505.0       NoID 
  208     1785.8        4473.33615155           474.0          ? 
  209     1791.2        4473.57156443           923.0          ? 
  211     1802.3        4473.95714369          2007.0        ThI 
  216     1914.3        4477.21352045          3208.0        ThI 
  217     1926.0        4477.46754342           886.0          ? 
  218     1940.2        4478.01489398           585.0          ? 
  219        0.0        4478.13035552          1370.0       NoID 
  220        0.0        4478.22097260          1802.0          ? 
  221     1957.3        4478.40317852         15533.0        ThI 
  223        0.0        4478.77899036          3589.0       NoID 
  224     1974.8        4478.89789398          1602.0       NoID 
  225     1976.2        4479.02643906          4801.0       NoID 
  226        0.0        4479.15736151          2001.0       ThII 
