 # ID       Xpix           Wavelength          Intens       Line 
    7        0.0        4070.11605161          1396.0        ThI 
    8       63.8        4070.23810366         58466.0        ThI 
    9        0.0        4070.31819170          2342.0          ? 
   10       98.8        4071.33321206          1209.0       NoID 
   11      107.9        4071.55473208          3228.0        ThI 
   12      133.4        4072.38476385        245550.0       ArII 
   13        0.0        4072.90861474          1899.0       ThII 
   14        0.0        4073.00562935          1886.0        ThI 
   15      166.4        4073.38282163           525.0          ? 
   16        0.0        4073.52559926          1494.0          ? 
   17      177.5        4073.71077279          2038.0       ThII 
   19        0.0        4073.96206402          1823.0        ThI 
   20        0.0        4074.04903126           855.0       NoID 
   21        0.0        4074.43817740          1074.0       NoID 
   22        0.0        4074.49328598           196.0          ? 
   24        0.0        4075.39626863          1431.0       NoID 
   26        0.0        4075.60395727          1430.0          ? 
   27      241.9        4075.71160610          2854.0       ThII 
   31        0.0        4077.56612767           619.0          ? 
   32        0.0        4077.62238695          2379.0        ThI 
   33      315.4        4077.87004412          1387.0       NoID 
   34      318.1        4077.97902359          1676.0       NoID 
   35        0.0        4078.22516416           754.0        ThI 
   36        0.0        4078.30134522          5557.0        ThI 
   37        0.0        4078.65938150          1125.0       NoID 
   38        0.0        4078.78704308           611.0       NoID 
   40      361.7        4079.13522194          1655.0       ThII 
   41        0.0        4080.22670123          1364.0       NoID 
   42        0.0        4080.29317383          1408.0       ThII 
   44      430.9        4081.24164754          2320.0       NoID 
   46        0.0        4081.59172589          6878.0        ThI 
   47        0.0        4081.65367368          1122.0       NoID 
   49      462.9        4082.25885225          3875.0       ThII 
   52        0.0        4083.38835956           676.0       ThII 
   54      517.1        4083.82530417          1598.0       NoID 
   55        0.0        4084.08934504          2620.0       NoID 
   56        0.0        4084.17655821           591.0          ? 
   57      543.8        4084.49643047           490.0       ThII 
   59        0.0        4084.70122785           688.0       NoID 
   60        0.0        4084.95468450          2138.0       NoID 
   62      565.5        4085.25615657         19301.0        ThI 
   64      576.2        4085.55569615           876.0       NoID 
   66      599.8        4086.19263639          1242.0       NoID 
   67        0.0        4086.41371251          1663.0       ThII 
   69      614.3        4086.69107089          5850.0       NoID 
   70      635.2        4087.16498782          4326.0        ThI 
   72      658.4        4087.90402532           577.0       NoID 
   73        0.0        4088.62841266          6742.0        ThI 
   74        0.0        4088.72621705         43776.0        ThI 
   76      703.0        4089.26748033           968.0       NoID 
   77      732.5        4090.04078886           690.0       NoID 
   78      739.9        4090.20438202           535.0       NoID 
   82        0.0        4091.40796088           660.0          ? 
   83        0.0        4091.52919913          1125.0       ThII 
   84        0.0        4091.58935938          3307.0        ThI 
   86        0.0        4091.84661802           535.0          ? 
   87        0.0        4091.90576353           853.0       NoID 
   88        0.0        4091.98692928          4257.0        ThI 
   91        0.0        4094.55895278          1710.0       NoID 
   92        0.0        4094.65187045           769.0       NoID 
   94      898.5        4094.90120816          7483.0        ThI 
   96      947.3        4096.19585913          1103.0       NoID 
   97      950.5        4096.33133465          1672.0       NoID 
   98      974.2        4096.93398783          1239.0        ThI 
   99        0.0        4097.13628086         51465.0       ArII 
  100        0.0        4097.20285342         20690.0       ArII 
  103     1051.5        4099.21872250          1291.0       NoID 
  104        0.0        4099.45579541         10962.0       ArII 
  105        0.0        4099.55219516         12489.0        ThI 
  109     1110.2        4100.91885124         10466.0        ThI 
  110        0.0        4101.23828258          1272.0          ? 
  111        0.0        4101.32348926           811.0          ? 
  112     1134.2        4101.55276321           570.0          ? 
  115     1180.3        4102.81922152          5793.0        ThI 
  116        0.0        4103.01462634           743.0       NoID 
  117        0.0        4103.10978341           890.0       ThII 
  118        0.0        4103.20517643           363.0          ? 
  119        0.0        4103.26193056          1762.0       ThII 
  120        0.0        4103.40583987           863.0          ? 
  121        0.0        4103.46004967          3042.0       NoID 
  122        0.0        4103.83249113        253450.0       ArII 
  123        0.0        4103.91212227        560599.0       ArII 
  126        0.0        4104.91558544           654.0          ? 
  127        0.0        4105.47804811          2771.0       ThII 
  128        0.0        4105.57251037          1961.0       NoID 
  129        0.0        4105.65197656          2440.0       NoID 
  130     1291.7        4106.03550210          2828.0        ThI 
  131     1302.9        4106.35032164          1984.0       NoID 
  133        0.0        4107.28627448         11986.0        ThI 
  134        0.0        4107.37168110          2566.0       ThII 
  135        0.0        4107.79030445          2102.0       ThII 
  137     1369.2        4108.18448819          1045.0        ThI 
  139     1380.7        4108.52111602           811.0          ? 
  141     1414.9        4109.47329359          1201.0       NoID 
  142     1424.7        4109.72458876          1698.0       NoID 
  143        0.0        4110.07631263           702.0       ThII 
  144        0.0        4110.17062492           855.0        ThI 
  145        0.0        4110.22051185           644.0       NoID 
  146        0.0        4110.51341212          3333.0       ThII 
  147        0.0        4110.56295315           581.0          ? 
  150        0.0        4110.87211316          4677.0          ? 
  151     1473.4        4110.97138015           387.0       ThII 
  152        0.0        4111.08729679           628.0          ? 
  153        0.0        4111.13468338          1466.0       ThII 
  154     1496.7        4111.61567437          2421.0        ThI 
  155        0.0        4112.10595893          2813.0        ThI 
  156     1517.8        4112.20240867          1394.0       NoID 
  157        0.0        4112.31767247          1683.0       ThII 
  158        0.0        4112.38796206          2361.0       NoID 
  159     1548.1        4113.09118683          1329.0       NoID 
  160        0.0        4113.50884241           661.0       NoID 
  161        0.0        4113.55798454          2537.0       ThII 
  162     1569.5        4113.75649553           516.0        ThI 
  163     1578.4        4113.87442764          2520.0        ThI 
  164     1585.1        4114.06021796           804.0        ThI 
  166     1638.4        4115.65348955           811.0       ThII 
  171     1740.5        4118.32675515          2063.0       NoID 
  172        0.0        4118.48975145         11713.0        ThI 
  173     1752.3        4118.77366606          1302.0       NoID 
  174        0.0        4119.39638990           898.0          ? 
  175        0.0        4119.47533321          1686.0       NoID 
  176        0.0        4120.36219484          2269.0        ThI 
  177        0.0        4120.40956943          2778.0        ThI 
  178     1865.4        4121.85513765          1316.0       ThII 
  179        0.0        4122.51550562           558.0       NoID 
  181        0.0        4123.53023672          7234.0       ThII 
  182        0.0        4123.60130210         17496.0        ThI 
  183     1937.5        4123.72587346         12372.0        ThI 
  184     1948.8        4124.04072395         15210.0        ThI 
  185        0.0        4124.10872613           867.0        ThI 
  186     1957.7        4124.23241772           586.0       NoID 
  187        0.0        4124.51374700          1444.0       ThII 
  188        0.0        4124.58333177           572.0          ? 
  189        0.0        4124.66629902          1735.0       ThII 
  190        0.0        4124.77856261          2839.0       NoID 
  191        0.0        4124.89007139           919.0       NoID 
