 # ID       Xpix           Wavelength          Intens       Line 
    4        0.0        6216.65010318           981.0          ? 
    5        0.0        6216.76258500          2059.0          ? 
    6        0.0        6216.86414774          3651.0          ? 
    7        0.0        6217.43928238           872.0          ? 
    8       88.5        6217.57338839         13651.0          ? 
    9       98.3        6218.17881490          1138.0          ? 
   10        0.0        6218.34384561          2064.0          ? 
   11      136.2        6219.77639314         16619.0        ThI 
   12      141.3        6220.01151203        307510.0        ThI 
   14      169.8        6221.31906710        134216.0        ThI 
   15        0.0        6221.43224373         10150.0          ? 
   16        0.0        6221.57925227          4967.0       ThII 
   17        0.0        6222.53160667          3782.0          ? 
   18        0.0        6222.57792524          3442.0          ? 
   19      200.8        6222.75387001          8100.0          ? 
   20      218.3        6223.52052225          7508.0       ThII 
   21      254.2        6225.10322146          2170.0          ? 
   23        0.0        6226.48598834          2832.0          ? 
   24        0.0        6226.63018963          4081.0       ThII 
   25      293.5        6226.93521576          3069.0          ? 
   26      299.5        6227.18228745          4205.0          ? 
   27        0.0        6228.23707135           839.0          ? 
   28        0.0        6228.33402932           613.0          ? 
   29      377.6        6230.72533250          1300.0          ? 
   30      384.4        6230.92114694         28772.0        ArI 
   33        0.0        6232.06220267          8915.0          ? 
   34        0.0        6232.12275442          6938.0          ? 
   35        0.0        6232.87941533          4263.0          ? 
   36        0.0        6232.97763997         42238.0       ThII 
   38        0.0        6234.29658495          2398.0          ? 
   39        0.0        6234.52387395          9314.0          ? 
   40        0.0        6234.64738979          2195.0          ? 
   42      483.5        6235.35449300          3154.0          ? 
   43      520.3        6237.10219090          4816.0          ? 
   44        0.0        6237.98614663          6045.0          ? 
   45        0.0        6238.08264073         20485.0        ThI 
   46      564.5        6239.08178655          3794.0          ? 
   47        0.0        6239.57708160          1075.0          ? 
   49      592.3        6240.30336366          9216.0        ThI 
   50        0.0        6240.87330967          6355.0          ? 
   52      647.4        6242.62636412           820.0          ? 
   54      684.5        6244.37118677          5083.0          ? 
   55        0.0        6244.56293930          1328.0          ? 
   56        0.0        6244.62814380          1076.0          ? 
   57        0.0        6244.73594786          4489.0          ? 
   58        0.0        6244.85782215           616.0          ? 
   60        0.0        6245.15038462          1432.0          ? 
   61      716.0        6245.84997883          2823.0          ? 
   63      733.2        6246.40651744          1766.0          ? 
   67        0.0        6249.15602540          4254.0          ? 
   68        0.0        6249.26326961          2906.0          ? 
   70      841.6        6251.26747962          1556.0          ? 
   71        0.0        6251.44144292          1517.0          ? 
   72        0.0        6251.54949891          1457.0          ? 
   73        0.0        6251.64642689          1699.0          ? 
   74        0.0        6251.76550293           986.0          ? 
   75        0.0        6251.86114926          2075.0          ? 
   76        0.0        6251.95936189          3313.0          ? 
   77      860.2        6252.16169558          2098.0          ? 
   78      868.2        6252.31223617          5454.0          ? 
   79        0.0        6252.46351056          2253.0          ? 
   80        0.0        6252.60787881           758.0          ? 
   81        0.0        6252.78525220          2557.0          ? 
   82        0.0        6252.88562525          2232.0          ? 
   83        0.0        6254.66679912          1320.0          ? 
   84        0.0        6254.77620275          6295.0          ? 
   85        0.0        6255.20064282          1018.0          ? 
   86        0.0        6255.33329221          3230.0          ? 
   87        0.0        6255.52336219          3690.0          ? 
   88        0.0        6255.65265348          1398.0          ? 
   89        0.0        6255.77232235           520.0          ? 
   90        0.0        6255.85160007          1068.0          ? 
   91        0.0        6255.98457038          1432.0          ? 
   92        0.0        6256.10651265           758.0          ? 
   93        0.0        6256.24271708           675.0          ? 
   94        0.0        6256.33699877          2557.0          ? 
   95        0.0        6256.65448355          2343.0          ? 
   96        0.0        6256.75086967          1559.0          ? 
   97        0.0        6256.92883890         11664.0          ? 
   98        0.0        6256.99060632          9496.0          ? 
  101        0.0        6259.40014250         17405.0          ? 
  102        0.0        6259.49102810          2161.0          ? 
  105     1100.1        6262.54557112           729.0          ? 
  106        0.0        6262.71156556          1256.0          ? 
  107        0.0        6262.80432266           410.0          ? 
  108        0.0        6262.88725339          1395.0          ? 
  109        0.0        6263.02560225          1167.0          ? 
  110     1143.9        6264.31366347          2263.0          ? 
  112        0.0        6266.17198960         51545.0       ThII 
  113        0.0        6266.26965638          5425.0          ? 
  114        0.0        6266.37176697          3887.0          ? 
  115        0.0        6266.48557142          4842.0          ? 
  116        0.0        6266.61664723         26082.0          ? 
  117     1198.6        6266.76490943          3768.0          ? 
  119        0.0        6270.18584705          7374.0          ? 
  120        0.0        6270.29878373         10824.0          ? 
  121        0.0        6270.38953937          7875.0          ? 
  122        0.0        6270.50202517          8068.0          ? 
  123        0.0        6270.61112888         10147.0          ? 
  124        0.0        6270.74047516          9786.0          ? 
  125        0.0        6270.86769200          9089.0          ? 
  126        0.0        6271.00385545          8180.0          ? 
  127        0.0        6271.13299978          8404.0          ? 
  128        0.0        6271.28070213          7722.0          ? 
  129        0.0        6271.42560323          8096.0          ? 
  131     1315.3        6271.73688366          6938.0          ? 
  132        0.0        6271.90695700          7025.0          ? 
  133     1327.8        6272.07351329          6411.0          ? 
  134     1331.3        6272.25436873          7079.0          ? 
  135        0.0        6272.62724363          6503.0          ? 
  136        0.0        6272.69978916          2601.0          ? 
  137        0.0        6272.82517949          5536.0          ? 
  141     1365.0        6273.64931024          5216.0          ? 
  143        0.0        6274.50355491          1608.0          ? 
  144        0.0        6274.57176560          7423.0          ? 
  146        0.0        6274.97697981          3750.0          ? 
  147        0.0        6275.07747983          5668.0          ? 
  148        0.0        6275.20623026          1216.0          ? 
  149        0.0        6275.32203417          3370.0          ? 
  150        0.0        6275.38870927          3426.0          ? 
  152     1425.4        6276.40005776          2763.0          ? 
  153        0.0        6276.97685291          1566.0          ? 
  154        0.0        6277.11180768          3667.0          ? 
  156        0.0        6277.42052979          2008.0          ? 
  157        0.0        6277.56376334          4414.0          ? 
  158     1456.8        6277.72249972           785.0          ? 
  159        0.0        6277.87981349          1990.0          ? 
  160        0.0        6278.50182150          4400.0          ? 
  161     1479.5        6278.64552092         44311.0        ArI 
  162        0.0        6278.82416496          1349.0          ? 
  163     1491.2        6278.97848053          2747.0          ? 
  165     1501.1        6279.47538213          3521.0          ? 
  167        0.0        6280.88958445          2388.0          ? 
  168        0.0        6280.98907274          2819.0          ? 
  169        0.0        6281.16457062          3358.0          ? 
  170        0.0        6281.26778691          1768.0          ? 
  171        0.0        6281.52279545          3948.0          ? 
  172        0.0        6281.65338939          1053.0          ? 
  174        0.0        6283.01708726           530.0          ? 
  175        0.0        6283.14061510          2835.0          ? 
  176        0.0        6283.21304665           556.0          ? 
  178        0.0        6285.14654355          1424.0          ? 
  180        0.0        6285.42040402          2079.0          ? 
  181        0.0        6285.97129312          2231.0          ? 
  183        0.0        6286.62275221          2158.0          ? 
  184        0.0        6286.71371679          1595.0          ? 
  186     1692.2        6287.56993391          5670.0        ThI 
  187        0.0        6288.84916646          3762.0          ? 
  188        0.0        6288.97301420          2209.0          ? 
  190        0.0        6289.27127313          5104.0          ? 
  192        0.0        6289.58546577          1922.0          ? 
  193        0.0        6289.69128836          2777.0          ? 
  194        0.0        6289.76527149          2503.0          ? 
  197     1794.4        6291.62895012         20256.0        ThI 
  198        0.0        6292.78795094          4103.0          ? 
  200        0.0        6293.01739533          4054.0          ? 
  201        0.0        6293.14070123          7437.0          ? 
  203     1842.0        6293.69331185          4718.0          ? 
  204     1846.4        6293.83875680          4962.0          ? 
  205     1847.2        6294.00038841          4110.0          ? 
  206        0.0        6294.15558674          3730.0          ? 
  208     1863.9        6294.50153685          4663.0          ? 
  209     1863.9        6294.69154683          3454.0          ? 
  210     1872.7        6294.86438943          3559.0          ? 
  211        0.0        6295.06093965          4493.0          ? 
  212        0.0        6295.16584349          2833.0          ? 
  213        0.0        6295.25439971          3780.0          ? 
  216     1941.4        6297.77876693          7234.0          ? 
  217     1947.6        6298.04801263          1624.0          ? 
  218        0.0        6298.21620647          2581.0          ? 
  219        0.0        6298.32311177          1466.0          ? 
  221        0.0        6299.07432307          2086.0          ? 
  222        0.0        6299.17359542          1142.0          ? 
  223        0.0        6299.44613024          3756.0          ? 
  224        0.0        6299.52687056          2152.0          ? 
