 # ID       Xpix           Wavelength          Intens       Line 
    5       67.9        4526.02778040          2552.0       ThII 
    6       85.2        4526.75894431          1144.0          ? 
    7        0.0        4526.91833121          4362.0       NoID 
    8        0.0        4527.12046383           295.0          ? 
    9        0.0        4527.17694292          1387.0          ? 
   10      110.3        4527.44340055           683.0          ? 
   12      130.9        4528.22054231          1263.0       NoID 
   13      138.0        4528.40997728          1731.0       ThII 
   14        0.0        4528.97435423          2018.0       ThII 
   15        0.0        4529.06728369           367.0          ? 
   16      182.0        4529.92320463          4231.0       NoID 
   17      194.3        4530.31896211         84447.0        ThI 
   19        0.0        4531.37940504          1055.0       NoID 
   20      235.7        4531.71323187          6143.0       ThII 
   23      262.0        4532.62137802           894.0          ? 
   24        0.0        4533.23865899          6364.0        ThI 
   25        0.0        4533.30397873         33797.0       ThII 
   26      306.2        4533.94635107          1051.0          ? 
   30        0.0        4535.49089312         42014.0       ArII 
   31        0.0        4535.54748317         13735.0        ThI 
   32        0.0        4535.70375290           666.0          ? 
   33        0.0        4535.75732075          2307.0       NoID 
   34        0.0        4535.86184414           444.0          ? 
   36        0.0        4536.14670490           403.0          ? 
   37        0.0        4536.25683881          2130.0        ThI 
   38        0.0        4536.32621748           461.0          ? 
   39        0.0        4536.42394067           905.0       ThII 
   41        0.0        4536.74883686          3503.0       NoID 
   42        0.0        4536.85960260          4042.0        ThI 
   43        0.0        4537.07151663          8334.0       ThII 
   44        0.0        4537.14484526         36720.0        ThI 
   46      447.3        4538.57826964           755.0          ? 
   47      450.8        4538.84210295          1628.0       ThII 
   48        0.0        4539.23041937          2034.0        ThI 
   49        0.0        4539.29020258           221.0          ? 
   51        0.0        4540.25582852          4653.0        ThI 
   52        0.0        4540.31310839          6022.0        ThI 
   53        0.0        4540.40706857          5491.0       ThII 
   56      526.6        4541.20431597          2644.0       ThII 
   57      532.3        4541.34868784          2580.0       NoID 
   58      535.9        4541.50334199          3138.0        ThI 
   59        0.0        4541.98747610           904.0          ? 
   60        0.0        4542.05105131          3396.0        ThI 
   61      555.8        4542.26264841           548.0          ? 
   62      563.0        4542.42810270           691.0          ? 
   63        0.0        4542.62598043           654.0          ? 
   64        0.0        4542.73548351           812.0          ? 
   65        0.0        4542.79416401           596.0          ? 
   66        0.0        4543.20997117          2091.0       ThII 
   67        0.0        4543.27761830          1875.0       NoID 
   68        0.0        4543.38729033          2204.0          ? 
   69        0.0        4543.41538091         10965.0        ThI 
   70      598.8        4543.64392253          1264.0       NoID 
   74      699.5        4546.83482259          5469.0        ThI 
   75        0.0        4547.06727819          8322.0       NoID 
   76        0.0        4547.12662751          9454.0       NoID 
   79        0.0        4548.32611163         12978.0        ThI 
   80        0.0        4548.38285164          2880.0       NoID 
   83      804.0        4550.18407578          1793.0       NoID 
   85        0.0        4551.54211899          1886.0       NoID 
   86        0.0        4551.59773030          2327.0        ThI 
   87        0.0        4551.70979869          3480.0        ThI 
   88        0.0        4551.81944072          3800.0       NoID 
   89        0.0        4552.15346248         80732.0        ThI 
   90        0.0        4552.22519353         12442.0        ThI 
   91      873.9        4552.45092889          1275.0       NoID 
   92      890.6        4552.87031508          2487.0       NoID 
   93      898.4        4553.26370515          2248.0        ThI 
   94      916.0        4553.67616718           835.0          ? 
   95        0.0        4554.33593086          4120.0          ? 
   96        0.0        4554.41464407          5651.0       NoID 
   97        0.0        4554.79258821           844.0          ? 
   98        0.0        4554.96135862           394.0          ? 
   99        0.0        4555.06213899          1179.0          ? 
  100        0.0        4555.14561394          3910.0        ThI 
  101      964.3        4555.30517478          1669.0       NoID 
  103        0.0        4555.90462140         23393.0        ThI 
  104      991.3        4556.20808722          4124.0       NoID 
  106     1012.5        4556.80745885           724.0          ? 
  107     1021.1        4557.05777071           693.0          ? 
  108        0.0        4557.55869236          1119.0       NoID 
  109        0.0        4557.63043241           472.0          ? 
  110        0.0        4557.73473885           474.0          ? 
  112        0.0        4558.52740141          1534.0        ThI 
  113        0.0        4558.62070475          1193.0       NoID 
  114     1074.9        4558.84254214           681.0          ? 
  117     1099.1        4559.46014295           703.0          ? 
  118        0.0        4559.65529438          2340.0       NoID 
  119     1117.5        4560.18172229          1895.0       NoID 
  121     1136.6        4560.66458570          2019.0        ThI 
  123     1155.4        4561.22709306         14758.0        ThI 
  125        0.0        4561.40633770          8536.0        ThI 
  126        0.0        4561.49456539         25038.0        ThI 
  127        0.0        4561.61279515          2406.0       NoID 
  128        0.0        4561.70348518          1117.0        ThI 
  129        0.0        4561.76283250           828.0          ? 
  131     1185.6        4562.24972484          3344.0        ThI 
  133        0.0        4562.56309704           431.0          ? 
  134        0.0        4562.63209481           670.0          ? 
  135        0.0        4562.72302278          1445.0        ThI 
  136        0.0        4563.21599451          5667.0       ThII 
  137        0.0        4563.29261127         12063.0       ThII 
  138        0.0        4563.66098093        140324.0        ThI 
  139        0.0        4563.74360709         70215.0       ArII 
  140     1245.7        4564.17965487          4711.0       ThII 
  143     1274.7        4565.09166987           597.0          ? 
  144        0.0        4565.20879992          3250.0          ? 
  145        0.0        4565.29718556           544.0          ? 
  146        0.0        4566.36876239           370.0          ? 
  147        0.0        4566.42950934           929.0       NoID 
  148        0.0        4566.65022901         17778.0       ThII 
  149        0.0        4566.71125788          3235.0        ThI 
  150        0.0        4566.93274935          4353.0       NoID 
  151        0.0        4566.98790478         11053.0        ThI 
  153        0.0        4567.63670732           441.0          ? 
  154        0.0        4567.71631228           602.0          ? 
  155        0.0        4567.78807632           610.0          ? 
  156        0.0        4567.85049183           509.0          ? 
  159     1391.1        4568.64546874           981.0          ? 
  161     1416.9        4569.35536214           696.0          ? 
  162        0.0        4569.57026435          2545.0        ThI 
  163        0.0        4569.63593099          3693.0        ThI 
  164        0.0        4569.73471489         16271.0        ThI 
  167     1475.2        4571.21879068         47280.0        ThI 
  170     1510.0        4572.32731572           552.0          ? 
  172     1554.0        4573.57068212          2447.0        ThI 
  174        0.0        4573.77448125          1436.0        ThI 
  178        0.0        4576.27463048          2536.0          ? 
  179        0.0        4576.31676234          1115.0          ? 
  180        0.0        4576.46686867          5361.0       NoID 
  181        0.0        4576.54128200          1860.0        ThI 
  182        0.0        4576.74065831          4573.0        ThI 
  183        0.0        4576.84008703           914.0          ? 
  184     1661.0        4576.96353940           964.0        ThI 
  185        0.0        4577.07743630           396.0          ? 
  186        0.0        4577.13096815          1361.0       NoID 
  187     1680.7        4577.58166903          8849.0        ThI 
  188        0.0        4577.77064308          9755.0          ? 
  189        0.0        4577.82248538         39156.0        ThI 
  190        0.0        4577.90587034         31800.0        ThI 
  191        0.0        4578.24715413           973.0          ? 
  192        0.0        4578.33054609           462.0          ? 
  195        0.0        4581.23315889          3293.0          ? 
  196        0.0        4581.41986654          4639.0          ? 
  197        0.0        4581.49656627         13875.0       NoID 
  198        0.0        4581.58303641          4496.0       ThII 
  199        0.0        4582.43470930          1601.0       ThII 
  200        0.0        4582.53296732          2092.0       NoID 
  201        0.0        4582.66534033          1503.0       NoID 
  203     1864.5        4583.06324516          1193.0        ThI 
  205        0.0        4583.87441274          3426.0       NoID 
  206     1898.8        4584.04123765           758.0          ? 
  207        0.0        4584.24645540          7625.0        ThI 
  208        0.0        4584.29984329          1713.0        ThI 
  209        0.0        4584.36771635          6961.0       ThII 
  210        0.0        4584.46434181           787.0          ? 
  212        0.0        4584.95367746          7539.0          ? 
  213        0.0        4585.10708191          1157.0       NoID 
  214        0.0        4585.16516555          1205.0          ? 
  216        0.0        4585.81880277           589.0          ? 
  217        0.0        4585.86471264          2270.0       NoID 
  218     1970.0        4586.26982055          3177.0       ThII 
