 # ID       Xpix           Wavelength          Intens       Line 
    8        0.0        5831.91890016          1680.0          ? 
    9        0.0        5832.04069755          1055.0          ? 
   10        0.0        5832.24335629           930.0          ? 
   11       72.7        5832.37034828        283925.0        ThI 
   12      116.3        5834.26422518        402724.0        ArI 
   13        0.0        5834.82601775           618.0          ? 
   14        0.0        5834.92751358           282.0          ? 
   15        0.0        5835.16721340          1895.0          ? 
   16        0.0        5835.27855258           427.0          ? 
   17      144.9        5835.49293818          1075.0          ? 
   18        0.0        5836.55425100           862.0          ? 
   19        0.0        5836.67833977           681.0          ? 
   20      186.3        5837.29188048           741.0          ? 
   21      189.8        5837.52794028          1289.0          ? 
   24        0.0        5838.31184537           684.0          ? 
   25        0.0        5838.45275464           660.0          ? 
   26        0.0        5838.54519689           586.0          ? 
   27        0.0        5838.87946838          1248.0          ? 
   29        0.0        5839.49029682         41091.0       NoID 
   30        0.0        5839.58999612         56510.0        ThI 
   33        0.0        5840.99836700           882.0          ? 
   34        0.0        5841.13270803          3744.0          ? 
   35        0.0        5841.20217343          1724.0          ? 
   36        0.0        5841.29769385          1072.0          ? 
   37        0.0        5841.42093585          1913.0          ? 
   38      293.9        5841.75837749          1132.0          ? 
   39        0.0        5841.90518518          2680.0          ? 
   40        0.0        5842.05084817         11554.0        ThI 
   42      317.0        5842.84403278          1932.0          ? 
   43      323.5        5843.01086910          1188.0          ? 
   44      330.9        5843.51457122          1721.0          ? 
   45        0.0        5843.77357787          4419.0          ? 
   47      346.8        5843.99428077          1485.0          ? 
   49        0.0        5844.88468234           954.0          ? 
   50        0.0        5845.30775504           783.0          ? 
   51        0.0        5845.41419554           619.0          ? 
   52        0.0        5845.53262583           890.0          ? 
   54      398.0        5846.23703120          5760.0          ? 
   56        0.0        5847.84447475          1709.0          ? 
   57        0.0        5847.95702661           810.0          ? 
   58      466.4        5849.21845582          2520.0          ? 
   59      479.5        5849.76737882          2024.0          ? 
   60        0.0        5850.25881122          1038.0          ? 
   61        0.0        5850.37645572          1687.0          ? 
   62        0.0        5850.74571684          1788.0          ? 
   63        0.0        5850.80403922           721.0          ? 
   64        0.0        5851.21727556          2785.0          ? 
   65      528.4        5851.62813553          1137.0          ? 
   66        0.0        5852.17600682          2166.0          ? 
   70      576.5        5853.77020490          1679.0          ? 
   72      609.7        5855.02253953          1028.0          ? 
   73      613.2        5855.34001351          2557.0          ? 
   75      626.9        5855.91105558           973.0          ? 
   76        0.0        5856.11189980          3999.0          ? 
   77        0.0        5856.22967326          3916.0          ? 
   78        0.0        5856.38537656          1848.0          ? 
   79        0.0        5856.46887420          1620.0          ? 
   80      650.0        5856.67812216           519.0          ? 
   81      658.7        5857.22679323           550.0          ? 
   82      668.1        5857.44863082         18823.0       NoID 
   83      682.2        5858.11395264           819.0          ? 
   84        0.0        5858.63876010         16109.0        ThI 
   85        0.0        5858.75344438         31654.0        ThI 
   90      747.5        5860.78780857          1039.0          ? 
   92        0.0        5861.29458685          1248.0          ? 
   93        0.0        5861.91893364           901.0          ? 
   94        0.0        5862.00288816           502.0          ? 
   95        0.0        5862.12073860          1447.0          ? 
   98      816.7        5863.55148742          1150.0          ? 
  100      822.0        5863.95805054           786.0          ? 
  102      867.1        5865.71783424           950.0          ? 
  103        0.0        5866.09154716          6745.0          ? 
  104        0.0        5866.17995748           814.0          ? 
  106        0.0        5867.83601395          1801.0          ? 
  107      926.6        5868.04380131           945.0          ? 
  110        0.0        5869.92093257          3222.0          ? 
  111        0.0        5870.05261830         16621.0        ThI 
  112      976.6        5870.26835552         14304.0          ? 
  113        0.0        5870.46230357          6905.0          ? 
  114        0.0        5870.55245243         26450.0       ThII 
  116     1030.7        5872.45976060           696.0          ? 
  118     1046.0        5873.08109219          1035.0          ? 
  119     1063.1        5873.77111438          1450.0          ? 
  120        0.0        5873.93568730          1386.0          ? 
  124        0.0        5874.81986449           593.0          ? 
  125        0.0        5874.98620694         27062.0        ThI 
  126        0.0        5875.06482988          2796.0          ? 
  127        0.0        5875.49993834          1136.0          ? 
  128        0.0        5875.56824205           619.0          ? 
  129        0.0        5877.16376671           723.0          ? 
  130        0.0        5877.28656282           536.0          ? 
  131        0.0        5877.41896436           505.0          ? 
  132        0.0        5877.55151386           758.0          ? 
  133        0.0        5877.67834889           798.0          ? 
  134        0.0        5877.78448446          5003.0          ? 
  136        0.0        5878.92646859          6826.0          ? 
  137        0.0        5879.04805902          1761.0          ? 
  139     1233.1        5880.53404901           362.0          ? 
  140     1246.1        5881.04577895           742.0          ? 
  142        0.0        5881.97886503           619.0          ? 
  143        0.0        5882.29945816          4698.0          ? 
  144     1282.3        5882.47045536          4681.0          ? 
  146     1322.3        5884.03319878          9634.0        ThI 
  147        0.0        5884.46669267           965.0          ? 
  148        0.0        5884.54225543           489.0          ? 
  149     1341.6        5884.83103108           903.0          ? 
  150     1358.2        5885.50012386         36522.0        ThI 
  152     1370.4        5886.08882418          1838.0          ? 
  153        0.0        5886.34170644          2731.0          ? 
  154        0.0        5886.44446192          1862.0          ? 
  156        0.0        5886.73218885          3414.0          ? 
  157        0.0        5886.83973804           792.0          ? 
  158        0.0        5886.94228757           889.0          ? 
  161     1426.3        5888.26317077         16801.0       ThII 
  162        0.0        5890.47965106          1236.0          ? 
  163        0.0        5890.56439436          1569.0          ? 
  164     1492.1        5890.72593309           985.0          ? 
  166        0.0        5892.15979701          1831.0          ? 
  167     1533.5        5892.43197711         15186.0        ThI 
  168        0.0        5892.52211096          1321.0          ? 
  171     1562.8        5893.69607250           357.0          ? 
  174     1613.0        5895.48666686           948.0          ? 
  177        0.0        5896.51500939           707.0          ? 
  178        0.0        5896.61120363          3158.0          ? 
  180     1654.1        5897.12270661           488.0          ? 
  181     1700.9        5899.04145563           649.0          ? 
  182        0.0        5899.30220578          1842.0          ? 
  183        0.0        5899.40979396         13116.0       ThII 
  184        0.0        5899.51869878         18683.0        ThI 
  186        0.0        5899.92389924          6064.0          ? 
  187        0.0        5900.23294345          1118.0          ? 
  188        0.0        5900.35033301           844.0          ? 
  189        0.0        5901.92830430          2016.0          ? 
  190        0.0        5901.99848050          1757.0          ? 
  191        0.0        5902.07995468          1002.0          ? 
  192        0.0        5902.20671872           794.0          ? 
  193     1789.1        5902.36409756          1429.0          ? 
  195        0.0        5903.24763288           834.0          ? 
  196        0.0        5903.33826160          6284.0          ? 
  197     1813.6        5903.49268123          4992.0        ThI 
  198     1822.1        5903.64326589          1116.0          ? 
  199        0.0        5903.93486278          3355.0          ? 
  200     1834.6        5904.30795184          3145.0          ? 
  201     1859.0        5905.17528349         25663.0        ThI 
  203     1872.1        5905.76118953         11466.0        ThI 
  204     1888.9        5906.31933201          2369.0          ? 
  205     1900.1        5906.84325966           918.0          ? 
  206     1915.6        5907.33987062           918.0          ? 
  207        0.0        5909.60185365          1171.0          ? 
  208        0.0        5909.72796887           604.0          ? 
  209        0.0        5910.03713804           810.0          ? 
  210        0.0        5910.10429305          1263.0          ? 
