 # ID       Xpix           Wavelength          Intens       Line 
   11        0.0        4562.24972484          3344.0        ThI 
   12       63.8        4562.47433349          7394.0        ThI 
   13        0.0        4562.56309704           431.0          ? 
   14        0.0        4562.63209481           670.0          ? 
   15        0.0        4562.72302278          1445.0        ThI 
   16        0.0        4563.21599451          5667.0       ThII 
   17        0.0        4563.29261127         12063.0       ThII 
   18        0.0        4563.66098093        140324.0        ThI 
   19        0.0        4563.74360709         70215.0       ArII 
   20        0.0        4564.17965487          4711.0       ThII 
   23      139.9        4565.09166987           597.0          ? 
   24        0.0        4565.20879992          3250.0          ? 
   25        0.0        4565.29718556           544.0          ? 
   26        0.0        4566.36876239           370.0          ? 
   27        0.0        4566.42950934           929.0       NoID 
   28        0.0        4566.65022901         17778.0       ThII 
   29        0.0        4566.71125788          3235.0        ThI 
   30        0.0        4566.93274935          4353.0       NoID 
   31        0.0        4566.98790478         11053.0        ThI 
   33        0.0        4567.63670732           441.0          ? 
   34        0.0        4567.71631228           602.0          ? 
   35        0.0        4567.78807632           610.0          ? 
   36        0.0        4567.85049183           509.0          ? 
   39      247.7        4568.64546874           981.0          ? 
   41      267.3        4569.35536214           696.0          ? 
   42        0.0        4569.57026435          2545.0        ThI 
   43        0.0        4569.63593099          3693.0        ThI 
   44        0.0        4569.73471489         16271.0        ThI 
   48      334.8        4571.53155702          5651.0       NoID 
   50      360.6        4572.32731572           552.0          ? 
   52      399.0        4573.57068212          2447.0        ThI 
   54        0.0        4573.77448125          1436.0        ThI 
   57      450.6        4575.42591279          3844.0       ThII 
   58        0.0        4576.27463048          2536.0          ? 
   59        0.0        4576.31676234          1115.0          ? 
   60        0.0        4576.46686867          5361.0       NoID 
   61        0.0        4576.54128200          1860.0        ThI 
   62        0.0        4576.74065831          4573.0        ThI 
   63        0.0        4576.84008703           914.0          ? 
   64      499.5        4576.96353940           964.0        ThI 
   65        0.0        4577.07743630           396.0          ? 
   66        0.0        4577.13096815          1361.0       NoID 
   68        0.0        4577.77064308          9755.0          ? 
   69        0.0        4577.82248538         39156.0        ThI 
   70        0.0        4577.90587034         31800.0        ThI 
   71        0.0        4578.24715413           973.0          ? 
   72        0.0        4578.33054609           462.0          ? 
   75        0.0        4581.23315889          3293.0          ? 
   76        0.0        4581.41986654          4639.0          ? 
   77        0.0        4581.49656627         13875.0       NoID 
   78        0.0        4581.58303641          4496.0       ThII 
   79        0.0        4582.43470930          1601.0       ThII 
   80        0.0        4582.53296732          2092.0       NoID 
   81      672.0        4582.66534033          1503.0       NoID 
   82      677.4        4582.77874236           764.0          ? 
   83      686.2        4583.06324516          1193.0        ThI 
   86      719.1        4584.04123765           758.0          ? 
   87        0.0        4584.24645540          7625.0        ThI 
   88        0.0        4584.29984329          1713.0        ThI 
   89        0.0        4584.36771635          6961.0       ThII 
   90        0.0        4584.46434181           787.0          ? 
   93        0.0        4585.10708191          1157.0       NoID 
   94        0.0        4585.16516555          1205.0          ? 
   95      759.7        4585.44386788           650.0          ? 
   96        0.0        4585.81880277           589.0          ? 
   97        0.0        4585.86471264          2270.0       NoID 
  101      848.3        4588.22591847          6179.0       ThII 
  103      876.7        4589.12153671          9875.0       ThII 
  104        0.0        4591.35671083           802.0          ? 
  105        0.0        4591.41123241          1474.0       NoID 
  106      951.5        4591.57897607          1597.0        ThI 
  107      970.4        4592.26806190          4368.0       NoID 
  109        0.0        4592.75444132          1756.0          ? 
  110        0.0        4592.87398271           898.0          ? 
  112        0.0        4593.28010835          2449.0       ThII 
  113        0.0        4593.36208268           875.0        ThI 
  114        0.0        4593.44784900          3848.0       ArII 
  115        0.0        4593.54080043          2358.0          ? 
  117     1057.4        4594.96167979           969.0       NoID 
  118     1084.5        4595.80819799           608.0          ? 
  120        0.0        4596.17553787          7341.0          ? 
  122        0.0        4596.70444603          1064.0          ? 
  123        0.0        4596.78772602           618.0          ? 
  124     1128.8        4597.24155603           749.0          ? 
  125     1140.2        4597.57146381          1572.0          ? 
  127     1154.9        4598.05436014           561.0          ? 
  130     1180.8        4598.93875131         15171.0        ThI 
  131        0.0        4599.22427382          1944.0       NoID 
  132        0.0        4599.29886310           762.0          ? 
  133        0.0        4599.35309976          2696.0       ThII 
  134        0.0        4599.42672230           980.0       NoID 
  135        0.0        4599.51914786           443.0          ? 
  136        0.0        4599.57083119           441.0          ? 
  138        0.0        4600.68264223           331.0          ? 
  139        0.0        4600.78273177           676.0          ? 
  141        0.0        4600.97070607           890.0          ? 
  142     1251.5        4601.10198436           906.0          ? 
  143        0.0        4601.94122146          2120.0          ? 
  144        0.0        4602.04338045           892.0          ? 
  145     1293.6        4602.41969795          2479.0        ThI 
  148     1326.5        4603.36830713          4401.0        ThI 
  149        0.0        4603.87949597           628.0          ? 
  150        0.0        4603.92958372          1331.0          ? 
  152     1388.0        4605.42830944          1026.0          ? 
  156        0.0        4607.83512802          5974.0        ThI 
  158        0.0        4608.53151287          1056.0          ? 
  160     1539.5        4610.07669527          7179.0        ThI 
  161        0.0        4610.45675077          1704.0          ? 
  162        0.0        4610.53553994          2146.0        ThI 
  163        0.0        4610.62631094         19848.0        ThI 
  164        0.0        4610.65137031          3127.0          ? 
  166        0.0        4611.75863550          6208.0        ThI 
  168        0.0        4611.93802406           920.0          ? 
  171        0.0        4613.69219618          2209.0       NoID 
  172        0.0        4613.78290319           839.0          ? 
  173        0.0        4613.87474590          1302.0       ThII 
  174        0.0        4613.97810257          1811.0       ThII 
  175        0.0        4614.11242704          4726.0          ? 
  176        0.0        4614.16589290          2180.0          ? 
  179     1717.2        4615.45310649          1075.0       NoID 
  180        0.0        4615.62770532          1696.0       NoID 
  181        0.0        4615.66931431          3089.0        ThI 
  184     1774.4        4617.29739275          2001.0        ThI 
  185     1796.3        4617.90655564          3264.0       NoID 
  186        0.0        4618.25923037           784.0          ? 
  187        0.0        4618.32665954          1188.0          ? 
  188     1825.7        4618.76689611           650.0          ? 
  189        0.0        4619.47849891         26728.0       ThII 
  190        0.0        4619.56132400          9039.0       ThII 
  191        0.0        4619.62811634          1772.0        ThI 
  194        0.0        4620.67404671          4352.0        ThI 
  195        0.0        4620.72988994          1155.0          ? 
  196        0.0        4621.07426886         28084.0        ThI 
  197        0.0        4621.16303339        111741.0        ThI 
  198        0.0        4621.59050433           843.0          ? 
  199        0.0        4621.65810945          4737.0        ThI 
  201        0.0        4622.73683514          1709.0          ? 
  202        0.0        4622.80107115           598.0          ? 
  203        0.0        4622.85362325           563.0          ? 
  204        0.0        4623.11656471          9391.0        ThI 
  205        0.0        4623.17334569          2590.0        ThI 
