   ID    ok   Diff(mA)       chi2        SNR     Diff/R      I1/I0         I0         I1 
   11    no  6148675.0        nan        0.0        nan      0.981     2072.0     2032.0 
   12    no  6148788.2        nan        0.0       11.4      1.016     2032.0     2064.0 
   13    no  6148886.8       64.8        0.0       12.3      0.984     2064.0     2032.0 
   14    no       46.5        2.1       91.1       29.6      0.094    94756.0     8915.0 
   15    no       41.8        1.4       12.1       37.7    148.056     8915.0  1319919.0 
   16    no       21.4        2.2     2022.2       42.3      0.007  1319919.0     8915.0 
   18    no  6153321.4       54.9        0.0       55.2      0.792     2121.0     1679.0 
   19    no  6153436.1       76.0        0.0       56.4      1.167     1679.0     1960.0 
   20    no  6153531.6       55.9        0.0       57.3      0.857     1960.0     1679.0 
   21    no      102.7      123.9        7.7       59.5      0.670     2926.0     1960.0 
   23    no  6154415.2      165.1        0.0       65.9     27.934     5266.0   147100.0 
   26    no  6155471.8      515.6        0.0       76.2     10.391    41353.0   429680.0 
   29    no  6156104.4       55.4        0.0       82.4      0.489     5838.0     2857.0 
   30    no  6156227.3       76.1        0.0       83.6      2.043     2857.0     5838.0 
   31    no      100.5       12.2        0.2       85.7      1.773     1955.0     3467.0 
   32    no  6156615.0       58.9        0.0       87.5      0.572     3467.0     1984.0 
   33    no  6156752.1       41.9        0.0       88.8      1.747     1984.0     3467.0 
   35    no  6157411.9       56.1        0.0       95.3      0.156     3678.0      575.0 
   36    no  6157537.1       39.1        0.0       96.5      6.397      575.0     3678.0 
   37    no  6158112.9       49.7        0.0      102.2      1.608     1363.0     2192.0 
   38    no  6158212.5       54.8        0.0      103.2      0.347     2192.0      760.0 
   39    no  6158306.8       50.6        0.0      104.1      0.366      760.0      278.0 
   40    no  6158390.9       48.3        0.0      105.0      2.734      278.0      760.0 
   41    no  6158479.6       47.0        0.0      105.8      0.207     1343.0      278.0 
   42    no  6158627.9       42.5        0.0      107.3      0.360     2280.0      821.0 
   43    no  6158751.3       40.8        0.0      108.5      1.778      821.0     1460.0 
   44    no  6158851.5       37.2        0.0      109.5      0.562     1460.0      821.0 
   45    no       21.9        0.6        9.1      111.6      0.603     2676.0     1613.0 
   46    no       21.2        0.1        8.6      113.2      1.659     1613.0     2676.0 
   47    no  6159484.8       38.5        0.0      115.8      0.832     2336.0     1944.0 
   48    no  6159617.0       42.5        0.0      117.1      0.791     1944.0     1537.0 
   49    no  6159656.9       37.9        0.0      117.5      1.265     1537.0     1944.0 
   51    no  6161649.0       47.1        0.0      137.3      5.829     1461.0     8516.0 
   52    no  6161762.0       58.8        0.0      138.4      0.172     8516.0     1461.0 
   54    no  6162851.3       49.5        0.0      149.3      6.406     3744.0    23985.0 
   55    no  6162970.0       72.1        0.0      150.5      0.156    23985.0     3744.0 
   58    no      102.0        0.8        0.0      159.8      6.944     2517.0    17479.0 
   59    no       11.7        0.3       38.1      172.1      0.016    95976.0     1551.0 
   60    no  6165769.3       40.0        0.0      178.6      1.924     1551.0     2984.0 
   61    no  6165836.2       43.4        0.0      179.3      0.520     2984.0     1551.0 
   62    no  6165971.7       24.9        0.0      180.6      4.434      673.0     2984.0 
   63    no  6166314.6       41.9        0.0      184.1      3.044     1563.0     4758.0 
   64    no  6166432.3       32.2        0.0      185.3      0.959     4758.0     4565.0 
   65    no  6166536.3       25.4        0.0      186.3      1.042     4565.0     4758.0 
   67    no       10.1        1.6        2.4      197.3      0.204     7683.0     1564.0 
   68    no  6168241.0       13.4        0.0      203.6      0.972      615.0      598.0 
   69    no  6168371.8       29.1        0.0      204.9      4.062      598.0     2429.0 
   70    no  6168493.2       44.4        0.0      206.1      0.377     2429.0      916.0 
   71    no  6168575.1       39.5        0.0      207.0      2.652      916.0     2429.0 
   72    no      101.3        8.5        8.8      209.6      0.527     1739.0      916.0 
   73    no  6170655.0       83.5        0.0      228.2      0.394    24113.0     9491.0 
   74    no  6170738.1       81.4        0.0      229.0      2.541     9491.0    24113.0 
   75    no  6170871.1       57.3        0.0      230.4      6.660     1425.0     9491.0 
   77    no      100.5        1.5       14.6      266.7      0.173     6491.0     1124.0 
   78    no  6175654.4       35.8        0.0      279.6      0.369     1124.0      415.0 
   79    no  6175781.1       40.2        0.0      280.9      4.516      415.0     1874.0 
   80    no  6175885.5       54.0        0.0      282.0      7.073     1874.0    13254.0 
   81    no  6175958.5       54.5        0.0      282.7      0.141    13254.0     1874.0 
   82    no  6176085.0       34.8        0.0      284.0      3.684      490.0     1805.0 
   83    no  6176160.8       31.8        0.0      284.8      0.271     1805.0      490.0 
   84    no        2.6        0.4        1.3      286.6      1.699     1785.0     3032.0 
   85    no  6176493.4       46.0        0.0      288.3      0.469     3032.0     1423.0 
   86    no  6176551.2       51.6        0.0      288.9      2.131     1423.0     3032.0 
   87    no  6176668.0       32.6        0.0      290.1      2.227      639.0     1423.0 
   88    no  6176815.4       30.0        0.0      291.6      0.488     1310.0      639.0 
   89    no  6177071.9       41.8        0.0      294.3      0.425     1702.0      724.0 
   90    no  6177204.6       36.5        0.0      295.7      2.351      724.0     1702.0 
   92    no  6177534.3       26.0        0.0      299.1      5.637      226.0     1274.0 
   93    no  6177644.1       31.5        0.0      300.2      0.177     1274.0      226.0 
   94    no  6177761.0       28.7        0.0      301.4      1.779      716.0     1274.0 
   97    no       99.9        6.2       28.2      316.1      1.260     6221.0     7837.0 
   98    no       63.7        2.5       21.5      318.8      0.085    38864.0     3313.0 
   99    no  6179548.6       43.6        0.0      320.1     11.731     3313.0    38864.0 
  100    no  6179774.2       49.2        0.0      322.5      2.646     4985.0    13191.0 
  101    no  6179848.7       74.6        0.0      323.2      0.378    13191.0     4985.0 
  102    no  6179953.2       57.6        0.0      324.3      0.518     1333.0      691.0 
  103    no  6180043.0       34.4        0.0      325.3      1.929      691.0     1333.0 
  105    no  6184746.4      377.0        0.0      374.8      1.862    73559.0   136952.0 
  106    no  6184792.6      362.3        0.0      375.3      0.537   136952.0    73559.0 
  107    no  6184987.4       49.6        0.0      377.4      0.169     9033.0     1529.0 
  108    no  6185102.3       48.6        0.0      378.6      5.908     1529.0     9033.0 
  109    no  6185566.4       32.5        0.0      383.6      0.620     1201.0      745.0 
  110    no  6185655.6       36.2        0.0      384.5      1.612      745.0     1201.0 
  111    no        3.6        0.0        4.8      385.7      0.090     8291.0      745.0 
  112    no       98.9        1.6        8.2      388.3      1.868     1082.0     2021.0 
  116    no  6189937.3       40.9        0.0      430.3      0.341      851.0      290.0 
  117    no  6190032.7       29.7        0.0      431.3      1.183      290.0      343.0 
  118    no  6190115.9       23.1        0.0      432.2      0.845      343.0      290.0 
  119    no  6190231.4       24.7        0.0      433.4      0.541      634.0      343.0 
  120    no  6190565.8       31.3        0.0      437.0     10.930     1170.0    12788.0 
  121    no  6190709.2       45.4        0.0      438.6      0.379    12788.0     4849.0 
  122    no  6190770.2       41.1        0.0      439.2      2.637     4849.0    12788.0 
  123    no       11.9        0.4        5.9      465.2     10.461     5272.0    55150.0 
  125    no  6194793.3       35.1        0.0      482.8      0.741     1250.0      926.0 
  126    no  6194925.3       36.1        0.0      484.2      1.350      926.0     1250.0 
  128    no  6196306.8       56.8        0.0      499.3     10.996     1574.0    17308.0 
  130    no  6196507.8       53.1        0.0      501.5      8.176     2117.0    17308.0 
  131    no       41.6        0.6        8.7      529.5     18.616     4313.0    80290.0 
  134    no  6204768.0       24.8        0.0      592.6      0.424     2112.0      895.0 
  135    no  6204901.8       27.1        0.0      594.1     15.445      895.0    13823.0 
  139    no        5.9        0.0        2.4      611.5     44.395     2571.0   114140.0 
  146    no       47.8        0.3        1.8      689.0      2.729     1726.0     4711.0 
  148    no  6214103.8       13.5        0.0      697.9      4.039     1890.0     7633.0 
  151    no  6216650.1       14.5        0.0      727.0      2.099      981.0     2059.0 
  152    no  6216762.6       22.5        0.0      728.2      1.773     2059.0     3651.0 
  153    no  6216864.1       25.2        0.0      729.4      0.564     3651.0     2059.0 
  154    no  6217439.3       24.8        0.0      736.0     15.655      872.0    13651.0 
  156    no       94.8        0.2        0.0      744.5      1.814     1138.0     2064.0 
  157    no  6218343.8       17.4        0.0      746.4      0.551     2064.0     1138.0 
  162    no  6221432.2      103.6        0.0      782.0     13.223    10150.0   134216.0 
  163    no       23.6        0.3        9.5      783.7      2.043     4967.0    10150.0 
  164    no  6222531.6       35.3        0.0      794.8      0.910     3782.0     3442.0 
  165    no  6222577.9       37.1        0.0      795.3      1.099     3442.0     3782.0 
  166    no       18.5        0.0        8.0      797.4      0.425     8100.0     3442.0 
  168    no       48.7        0.6        3.2      824.7    324.006     2170.0   703092.0 
  170    no  6226486.0      440.1        0.0      840.9    248.267     2832.0   703092.0 
  171    no       34.5        0.8        8.7      842.6      0.694     4081.0     2832.0 
  172    no        3.6        0.3        0.8      846.1      1.370     3069.0     4205.0 
  173    no       29.0        0.0        4.5      849.0      0.730     4205.0     3069.0 
  174    no  6228237.1       25.2        0.0      861.4      0.731      839.0      613.0 
  175    no  6228334.0       26.8        0.0      862.6      1.369      613.0      839.0 
  176    no  6230725.3       18.5        0.0      890.7     22.132     1300.0    28772.0 
  178    no       75.5        nan      415.9      895.2      1.582    18188.0    28772.0 
