   ID    ok   Diff(mA)       chi2        SNR     Diff/R      I1/I0         I0         I1 
    0    no       21.1        0.1      431.7       31.4      1.000        1.0        1.0 
    1    no        1.1        0.0       53.0        0.0      1.000        1.0        1.0 
    4    no        5.6       48.4      152.8       33.9      1.000        1.0        1.0 
    6    no       28.0      388.6    37524.3      106.6      1.000        1.0        1.0 
    7    no      133.1        0.9       60.6      119.5      1.000        1.0        1.0 
    8    no       12.4      464.2    38657.0      196.1      1.000        1.0        1.0 
   11    no      129.7    66885.5    23227.4      307.7      1.000        1.0        1.0 
   14    no       12.4        0.3       49.0      392.9      1.000        1.0        1.0 
   24    no       85.3        3.8       76.7      664.9      1.000        1.0        1.0 
