   ID    ok   Diff(mA)       chi2        SNR     Diff/R      I1/I0         I0         I1 
    7    no  5051083.9       36.6        0.0       25.0      0.101     6916.0      700.0 
    8    no  5051179.8       24.4        0.0       26.1      9.880      700.0     6916.0 
    9    no       22.5       33.0        7.5       28.0      0.221     3173.0      700.0 
   10    no       21.5       13.4      429.4       34.4      0.005   148762.0      811.0 
   11    no  5051970.8      257.8        0.0       35.4    183.430      811.0   148762.0 
   12    no  5052086.4       23.3        0.0       36.8      0.477     2974.0     1419.0 
   13    no  5052174.5       14.6        0.0       37.8      2.096     1419.0     2974.0 
   14    no  5052302.1       10.1        0.0       39.3      0.965     1470.0     1419.0 
   15    no       85.6        1.5        0.0       41.1      4.197     1819.0     7635.0 
   16    no  5052587.1       21.1        0.0       42.6      0.238     7635.0     1819.0 
   17    no       85.1        1.0        5.5       45.8      0.388     1816.0      705.0 
   18    no  5053068.9       10.9        0.0       48.3      1.576      705.0     1111.0 
   19    no  5053194.9       12.9        0.0       49.8      0.635     1111.0      705.0 
   20    no  5053503.8       26.5        0.0       53.4      1.585      680.0     1078.0 
   21    no  5053603.5       22.6        0.0       54.6      0.502     1078.0      541.0 
   22    no  5053675.1       22.5        0.0       55.5      1.993      541.0     1078.0 
   23    no  5053749.4       21.8        0.0       56.3      0.191     2832.0      541.0 
   24    no  5053872.8       27.1        0.0       57.8      0.390     7254.0     2832.0 
   25    no       85.4        0.5        9.1       59.7     25.361     2468.0    62591.0 
   26    no       10.2        0.1       82.7       61.4      0.039    62591.0     2468.0 
   28    no  5055219.8      133.0        0.0       73.7      3.834    28865.0   110676.0 
   30    no  5055601.6       19.1        0.0       78.3      4.495     1265.0     5686.0 
   31    no  5055684.5       20.8        0.0       79.3      0.222     5686.0     1265.0 
   32    no  5056199.3       17.9        0.0       85.4      0.246     3776.0      928.0 
   33    no  5056305.9       13.8        0.0       86.7      4.069      928.0     3776.0 
   34    no  5056447.0       20.6        0.0       88.3     17.277     1042.0    18003.0 
   36    no  5056678.4       11.3        0.0       91.1      4.503      718.0     3233.0 
   37    no  5056771.4       16.3        0.0       92.2      1.817     3233.0     5875.0 
   38    no  5056861.8       20.3        0.0       93.3      0.550     5875.0     3233.0 
   39    no  5057030.9        8.7        0.0       95.3      5.134      276.0     1417.0 
   40    no  5057138.6        9.7        0.0       96.6      0.195     1417.0      276.0 
   42    no  5058360.9      163.0        0.0      111.2      0.107    91327.0     9817.0 
   43    no  5058453.0      108.6        0.0      112.3      9.303     9817.0    91327.0 
   44    no  5058554.9      109.5        0.0      113.5      1.162    11564.0    13432.0 
   45    no  5058581.8      105.2        0.0      113.9      0.861    13432.0    11564.0 
   46    no       11.2        0.0        3.1      117.7      0.284     3680.0     1044.0 
   47    no  5059029.4       16.1        0.0      119.2      3.010     1044.0     3142.0 
   48    no  5059154.5       18.4        0.0      120.7      0.332     3142.0     1044.0 
   49    no       82.7        0.2        3.8      123.6      2.382     1319.0     3142.0 
   50    no  5059751.2      207.5        0.0      127.9     78.191     3327.0   260141.0 
   53    no  5060993.9       14.3        0.0      142.9      9.860      705.0     6951.0 
   54    no  5061098.2       30.2        0.0      144.2      0.115     6951.0      801.0 
   55    no  5061163.7       55.7        0.0      145.0     19.994      801.0    16015.0 
   58    no       17.3        0.5        1.8      161.2      0.157     4585.0      719.0 
   59    no  5062640.5       26.8        0.0      162.9      5.263      719.0     3784.0 
   60    no  5062720.1       33.1        0.0      163.9      0.190     3784.0      719.0 
   61    no  5062824.3       35.3        0.0      165.2      3.254     1163.0     3784.0 
   63    no  5063054.8       24.6        0.0      168.0     89.969      515.0    46334.0 
   65    no       84.0        0.9        4.0      175.4     79.384     1314.0   104310.0 
   66    no  5063999.4      148.6        0.0      179.5      0.239    72755.0    17405.0 
   67    no  5064051.6      140.2        0.0      180.1      4.180    17405.0    72755.0 
   71    no       82.5       49.2        4.6      197.8    105.766     3075.0   325229.0 
   73    no       12.2        0.0        2.7      211.4     30.072     2300.0    69166.0 
   75    no  5066843.9       86.7        0.0      214.5     43.610     1586.0    69166.0 
   76    no  5066959.2       22.8        0.0      215.9      0.152     5577.0      849.0 
   77    no  5067051.1       51.5        0.0      217.0     72.261      849.0    61350.0 
   79    no  5068331.7       15.2        0.0      232.9      6.101      799.0     4875.0 
   80    no  5068385.2       15.8        0.0      233.5      0.164     4875.0      799.0 
   81    no       82.4        0.5        0.0      235.4      6.615      737.0     4875.0 
   82    no  5068828.4       53.0        0.0      239.0      0.136    26910.0     3673.0 
   83    no  5068950.7       23.0        0.0      240.6      7.326     3673.0    26910.0 
   84    no       54.9        6.6        0.3      242.3      0.798     4600.0     3673.0 
   86    no       41.3        0.1       22.4      251.8     44.829      613.0    27480.0 
   87    no       12.4        0.0        8.5      259.3      2.013     4488.0     9034.0 
   91    no       73.9        0.5        0.2      272.0      3.013     2877.0     8669.0 
   92    no       82.8        1.2       12.7      277.1      3.051      943.0     2877.0 
   93    no       82.7        0.3        0.0      284.7      3.207      989.0     3172.0 
   95    no  5072882.3       15.3        0.0      289.7      0.710     4468.0     3172.0 
   96    no        3.1        0.0        3.8      303.6     21.109      917.0    19357.0 
   99    no  5076142.3       14.6        0.0      331.0      1.567      958.0     1501.0 
  100    no        2.7        0.0        4.6      336.8      0.480     1501.0      720.0 
  101    no        9.2        0.0        2.6      339.6      2.085      720.0     1501.0 
  103    no       44.3        0.4       11.8      369.3      4.786     2718.0    13007.0 
  104    no  5081083.9       15.1        0.0      394.4      0.609     1012.0      616.0 
  105    no  5081136.7       15.5        0.0      395.1      1.643      616.0     1012.0 
  107    no  5081593.0       22.1        0.0      401.0      0.251     3692.0      926.0 
  108    no  5081700.8       13.0        0.0      402.4      2.594      926.0     2402.0 
  109    no  5081771.7       13.0        0.0      403.3      0.386     2402.0      926.0 
  110    no  5082004.9       19.1        0.0      406.3      1.362     2629.0     3581.0 
  111    no  5082087.9       18.1        0.0      407.4      0.734     3581.0     2629.0 
  113    no       51.8        0.0        1.9      420.0     22.374      636.0    14230.0 
  114    no       12.8        0.0        6.8      432.8      0.927     2452.0     2274.0 
  115    no       45.3        0.0        3.9      437.8      0.945     2274.0     2148.0 
  116    no  5084703.3       38.1        0.0      441.5      6.554     2148.0    14078.0 
  117    no  5084795.4       37.4        0.0      442.7      0.153    14078.0     2148.0 
  119    no  5085839.6       16.6        0.0      456.3      0.372     5711.0     2127.0 
  120    no       80.8        1.2        0.7      459.0      4.683     2127.0     9961.0 
  122    no  5086271.7       18.0        0.0      462.0     10.507      948.0     9961.0 
  125    no  5087636.4        9.8        0.0      480.0      1.546      529.0      818.0 
  126    no  5087743.2       11.2        0.0      481.4      0.488      818.0      399.0 
  127    no  5087836.6       10.3        0.0      482.6      2.050      399.0      818.0 
  129    no       80.4        0.4        6.2      502.6      2.966     1244.0     3690.0 
  130    no  5089509.2       11.5        0.0      504.8      0.810      511.0      414.0 
  131    no  5089623.6        6.7        0.0      506.3      1.234      414.0      511.0 
  133    no       11.5        0.0        4.0      529.3      0.420      493.0      207.0 
  134    no       80.1        0.1        0.0      531.1      2.382      207.0      493.0 
  135    no       79.8       63.8       56.2      564.2      1.347     2523.0     3399.0 
  136    no       31.9        0.6        0.0      572.1      2.279     3399.0     7745.0 
  137    no       27.8        0.9       11.3      574.0      0.439     7745.0     3399.0 
  138    no       79.7       37.8        9.2      576.0      4.416     1754.0     7745.0 
  140    no  5095156.9       42.4        0.0      580.3      0.711     2858.0     2033.0 
  141    no  5095226.2       13.5        0.0      581.2      1.406     2033.0     2858.0 
  142    no  5095644.3        6.8        0.0      586.9      6.247     1345.0     8402.0 
  145    no  5096577.6      242.2        0.0      599.5    272.433     1475.0   401838.0 
  146    no  5096800.8       18.1        0.0      602.5      0.875     2633.0     2304.0 
  147    no  5096861.0       20.2        0.0      603.4      1.143     2304.0     2633.0 
  148    no  5097645.2       10.4        0.0      614.0      0.109     1863.0      203.0 
  149    no  5097716.2        9.7        0.0      614.9      9.177      203.0     1863.0 
  151    no  5098595.3       19.9        0.0      626.9      0.278     5112.0     1422.0 
  152    no  5098657.7       18.0        0.0      627.8      3.595     1422.0     5112.0 
  153    no  5098935.1       61.6        0.0      631.6      0.728    25930.0    18870.0 
  154    no  5099031.2       55.4        0.0      632.8      1.374    18870.0    25930.0 
  155    no  5099400.9       11.4        0.0      637.9      0.223     1338.0      299.0 
  156    no  5099459.3       11.0        0.0      638.7      4.475      299.0     1338.0 
  157    no       15.3        0.2        8.4      647.6     32.725     1407.0    46044.0 
  158    no  5100580.9      839.6        0.0      654.0      9.085    46044.0   418332.0 
  159    no  5100621.4      900.5        0.0      654.6      0.110   418332.0    46044.0 
  160    no  5100729.0      150.2        0.0      656.1    139.817     2992.0   418332.0 
  162    no       36.2       31.7       15.5      664.5      0.199    10383.0     2071.0 
  164    no  5102401.5       12.5        0.0      679.0      0.158     3160.0      498.0 
  165    no  5102513.5        8.8        0.0      680.6      1.438      498.0      716.0 
  166    no  5102603.6       12.6        0.0      681.8      0.696      716.0      498.0 
  167    no  5102733.7       16.7        0.0      683.6      0.132     5433.0      716.0 
  168    no  5103699.9       14.7        0.0      696.9      7.227      396.0     2862.0 
  169    no  5103765.6       18.7        0.0      697.8      0.138     2862.0      396.0 
  170    no  5103877.5       15.6        0.0      699.4      0.426     2022.0      862.0 
  171    no  5103930.9       12.9        0.0      700.1      2.346      862.0     2022.0 
  172    no       78.5        0.3        0.0      701.9      1.973      437.0      862.0 
  173    no  5104288.0       15.0        0.0      705.1      0.407     1075.0      437.0 
  174    no  5104561.7       43.7        0.0      708.9      0.636     5883.0     3743.0 
  175    no  5104606.6       42.2        0.0      709.5      1.572     3743.0     5883.0 
  176    no  5105131.3       11.1        0.0      716.7      4.352      860.0     3743.0 
  177    no  5105947.9       14.0        0.0      728.1      1.246      740.0      922.0 
  178    no  5106022.8       13.0        0.0      729.1      0.803      922.0      740.0 
  180    no       76.6        3.6        0.2      751.6      0.892     2276.0     2031.0 
  181    no  5107788.7        9.6        0.0      753.7      0.681     2031.0     1384.0 
  182    no  5107848.0       10.8        0.0      754.6      1.467     1384.0     2031.0 
  183    no  5107963.6        9.2        0.0      756.2      1.646      841.0     1384.0 
  184    no  5108521.8       28.0        0.0      764.0      2.780      533.0     1482.0 
  185    no  5108597.5       29.0        0.0      765.0      0.360     1482.0      533.0 
  186    no  5108894.7       30.3        0.0      769.2      2.600      730.0     1898.0 
  187    no  5109006.5       31.7        0.0      770.8      0.385     1898.0      730.0 
  189    no  5109822.3       44.4        0.0      782.2     33.765      646.0    21812.0 
  190    no  5109927.6       28.7        0.0      783.7      0.842      767.0      646.0 
  191    no  5110046.1       37.1        0.0      785.3      0.098     8476.0      832.0 
  192    no  5110137.0       35.5        0.0      786.6      5.041      832.0     4194.0 
  193    no  5110220.4       34.6        0.0      787.8      0.198     4194.0      832.0 
  194    no       77.8        0.4        0.0      790.5      0.733    23722.0    17400.0 
  196    no       77.7        6.0        0.0      794.8      4.504     2459.0    11076.0 
  197    no  5110860.4       80.9        0.0      796.8      0.300    11076.0     3323.0 
  198    no  5110949.6       70.7        0.0      798.1      3.333     3323.0    11076.0 
  199    no        0.7       29.9       11.8      799.6      0.090    36787.0     3323.0 
  200    no  5111177.6      120.5        0.0      801.3    105.552     1425.0   150412.0 
  202    no       77.7        1.6        0.0      804.7    118.715     1267.0   150412.0 
  203    no  5111569.6       42.1        0.0      806.8      0.873     5338.0     4661.0 
  204    no  5111678.5       38.6        0.0      808.3      1.145     4661.0     5338.0 
  205    no  5111811.6       33.3        0.0      810.2      1.386     1887.0     2616.0 
  206    no  5111924.3       38.5        0.0      811.8      0.721     2616.0     1887.0 
  207    no       77.6        0.8       12.5      813.8      0.742     2068.0     1535.0 
  208    no       61.3        0.7        4.4      815.7      1.347     1535.0     2068.0 
  210    no       75.2        1.3        7.8      819.6      1.059     1656.0     1753.0 
  211    no       64.1        0.9        8.0      821.6      2.378     1579.0     3755.0 
  213    no       77.5        2.0        7.6      825.6      2.215     1585.0     3511.0 
  215    no  5113203.1       37.0        0.0      829.9      6.890     1754.0    12085.0 
  216    no  5113295.0       71.5        0.0      831.2      1.484    12085.0    17935.0 
  217    no  5113380.9       96.2        0.0      832.4      0.674    17935.0    12085.0 
  218    no  5113491.8       42.7        0.0      834.0     10.452     1716.0    17935.0 
  219    no       37.1        0.9        3.9      835.9      1.131     1517.0     1716.0 
  220    no       60.1        1.5       15.0      840.1      3.893     1602.0     6236.0 
  222    no  5114232.9       23.4        0.0      844.5      1.054     1388.0     1463.0 
  223    no  5114297.3       24.6        0.0      845.4      0.949     1463.0     1388.0 
  224    no  5114387.6       24.4        0.0      846.7      1.038     1409.0     1463.0 
  227    no       77.1        0.3        0.0      867.4      2.556      522.0     1334.0 
  228    no  5115997.3       17.0        0.0      869.6      3.426     1334.0     4570.0 
  229    no  5116056.2       15.5        0.0      870.4      0.292     4570.0     1334.0 
  230    no  5116296.2       32.0        0.0      873.8      0.102    15203.0     1556.0 
  231    no  5116404.0       18.1        0.0      875.4      9.771     1556.0    15203.0 
  232    no  5117292.3      171.4        0.0      888.0      0.179    29020.0     5208.0 
  233    no  5117376.2      148.5        0.0      889.2      5.572     5208.0    29020.0 
  234    no  5118479.7       73.1        0.0      905.0      0.908     1990.0     1807.0 
  235    no  5118561.8       69.2        0.0      906.2      1.101     1807.0     1990.0 
  236    no  5118673.1       68.8        0.0      907.7      0.993     1949.0     1936.0 
  237    no  5118758.1       77.1        0.0      908.8      1.007     1936.0     1949.0 
  238    no  5118874.6        nan        0.0        nan      0.612     2371.0     1450.0 
