   ID    ok   Diff(mA)       chi2        SNR     Diff/R      I1/I0         I0         I1 
    3    no       12.8       18.0      257.5       30.0      0.069    58979.0     4050.0 
    4    no  4352681.4       97.8        0.0       30.9     14.563     4050.0    58979.0 
    5    no       44.8       16.7       39.6       32.8      1.304     3106.0     4050.0 
    6    no  4353206.8       18.8        0.0       38.1      1.981     2465.0     4883.0 
    7    no  4353314.6       23.0        0.0       39.5      0.832     4883.0     4064.0 
    8    no  4353391.0      232.3        0.0       40.6     52.718     4064.0   214246.0 
    9    no        6.2       10.3      595.1       41.4      0.019   214246.0     4064.0 
   16    no       73.3        0.2       19.4       93.5      7.814     2384.0    18628.0 
   18    no  4357772.1       13.6        0.0      100.7      2.892      837.0     2421.0 
   19    no  4357853.1       10.9        0.0      101.9      0.346     2421.0      837.0 
   20    no  4357974.4       10.2        0.0      103.5      1.967     1387.0     2728.0 
   21    no  4358080.7       11.4        0.0      105.0      0.508     2728.0     1387.0 
   23    no  4359285.6       50.6        0.0      121.8     48.858     1343.0    65616.0 
   25    no       73.0        0.8       12.4      125.5     24.356     2694.0    65616.0 
   27    no       72.9        0.3        9.7      136.9     42.353      476.0    20160.0 
   28    no  4360684.3       16.9        0.0      141.3      3.709     1244.0     4614.0 
   29    no  4360718.3       17.3        0.0      141.8      0.270     4614.0     1244.0 
   30    no  4361307.1       32.0        0.0      150.1      0.129     9485.0     1228.0 
   31    no  4361355.7       26.4        0.0      150.7      7.724     1228.0     9485.0 
   32    no  4361593.5        9.5        0.0      154.1      1.128      759.0      856.0 
   33    no  4361681.9       12.2        0.0      155.3      0.887      856.0      759.0 
   34    no       72.7        2.5       10.7      156.9      0.589     1454.0      856.0 
   37    no  4362557.9       21.0        0.0      167.7     25.129      618.0    15530.0 
   38    no  4362721.4       13.1        0.0      170.0      2.358     2000.0     4716.0 
   39    no  4362789.7       16.2        0.0      170.9      0.424     4716.0     2000.0 
   40    no       72.5        0.1        6.2      175.7      2.990      837.0     2503.0 
   41    no  4363430.6       17.5        0.0      180.0      0.451     2503.0     1130.0 
   42    no  4363499.6       16.7        0.0      181.0      2.215     1130.0     2503.0 
   44    no  4364016.0       20.7        0.0      188.3      2.294     2102.0     4823.0 
   45    no  4364040.9       21.3        0.0      188.7      0.436     4823.0     2102.0 
   46    no  4364383.0       10.0        0.0      193.5      3.466      640.0     2218.0 
   47    no  4364462.8       13.2        0.0      194.7      1.088     2218.0     2413.0 
   48    no  4364508.4       12.4        0.0      195.3      0.919     2413.0     2218.0 
   49    no  4364943.4        9.0        0.0      201.5      6.022      541.0     3258.0 
   50    no  4365020.0       11.3        0.0      202.6      0.166     3258.0      541.0 
   52    no  4366125.4       15.0        0.0      218.4     60.126     4054.0   243751.0 
   53    no       71.9        4.5       13.3      228.2      1.107      947.0     1048.0 
   54    no  4367190.0       21.7        0.0      233.7     21.714     1048.0    22756.0 
   55    no       71.2        7.7       60.3      235.1      0.046    22756.0     1048.0 
   57    no  4368270.8        8.7        0.0      249.3      3.986      277.0     1104.0 
   58    no  4368353.2       10.0        0.0      250.4      0.251     1104.0      277.0 
   59    no       71.6        0.1        9.0      259.7      4.957     2750.0    13631.0 
   60    no  4369282.8       46.8        0.0      263.9      0.561    13631.0     7642.0 
   61    no  4369308.5       47.1        0.0      264.3      1.784     7642.0    13631.0 
   62    no  4369407.4       35.8        0.0      265.7     18.145     1726.0    31319.0 
   63    no  4369494.7       53.7        0.0      267.0      0.205    31319.0     6422.0 
   64    no  4369558.8       44.5        0.0      267.9      0.871     6422.0     5591.0 
   65    no  4369605.0       31.7        0.0      268.6      1.149     5591.0     6422.0 
   68    no  4371140.1       28.1        0.0      290.9      0.432     7538.0     3254.0 
   70    no  4372171.3       15.6        0.0      306.0     20.357      336.0     6840.0 
   72    no  4372576.5       43.0        0.0      311.9      5.823      271.0     1578.0 
   73    no  4372648.8       11.9        0.0      313.0      0.172     1578.0      271.0 
   74    no  4372959.4       14.3        0.0      317.6     30.745      478.0    14696.0 
   76    no  4373142.3       17.8        0.0      320.2      0.690     4857.0     3352.0 
   77    no  4373208.0       13.7        0.0      321.2      1.449     3352.0     4857.0 
   78    no  4373471.3       15.0        0.0      325.1      1.807      610.0     1102.0 
   79    no  4373522.7       18.6        0.0      325.8      0.554     1102.0      610.0 
   80    no       70.9     2289.7     1640.4      333.1      0.023    48162.0     1102.0 
   81    no  4374711.1       90.9        0.0      343.4     14.711     4991.0    73421.0 
   82    no       38.0        4.8      422.4      344.5      0.068    73421.0     4991.0 
   83    no  4374859.5      283.1        0.0      345.6      1.138    64521.0    73421.0 
   84    no  4375030.0       25.9        0.0      348.1      1.617     3943.0     6377.0 
   85    no  4375083.4       22.3        0.0      348.9      0.618     6377.0     3943.0 
   86    no        1.7        0.1        1.5      353.6      7.637      835.0     6377.0 
   87    no  4376260.2       21.4        0.0      366.4      0.514     4135.0     2127.0 
   88    no  4376353.7       17.4        0.0      367.8      0.161     2127.0      343.0 
   89    no  4376429.7       16.9        0.0      368.9      6.201      343.0     2127.0 
   91    no       52.7        0.4        0.2      378.8      6.135      364.0     2233.0 
   92    no  4377317.4       14.8        0.0      382.1      0.159     2233.0      355.0 
   93    no  4377402.1       10.4        0.0      383.4      6.290      355.0     2233.0 
   94    no  4377491.1       22.6        0.0      384.7     16.857      708.0    11935.0 
   96    no  4377650.8       14.9        0.0      387.1      4.495     2655.0    11935.0 
   97    no       25.0        0.5        7.4      391.1      1.597     3313.0     5292.0 
   98    no       70.4     5385.0      989.1      392.7      0.626     5292.0     3313.0 
  104    no       70.0        0.9       16.6      435.7      1.112     2041.0     2270.0 
  105    no  4381332.2       73.0        0.0      442.5      9.967     4843.0    48270.0 
  106    no  4381401.4      137.5        0.0      443.6      0.100    48270.0     4843.0 
  108    no  4382203.2       15.0        0.0      455.8      0.482     3126.0     1508.0 
  109    no  4382262.4       15.3        0.0      456.7      2.073     1508.0     3126.0 
  110    no       23.2        0.0        4.6      458.6      0.965     1563.0     1508.0 
  111    no        0.4        0.0        3.5      473.0      0.502     1529.0      768.0 
  112    no  4383448.2        7.6        0.0      474.7     48.258      768.0    37062.0 
  113    no       28.9       11.6        1.1      476.2      0.059    37062.0     2173.0 
  114    no  4383604.5        8.8        0.0      477.1     17.056     2173.0    37062.0 
  117    no  4384020.6        8.6        0.0      483.5      0.999     1876.0     1874.0 
  118    no  4384124.6        8.2        0.0      485.1      1.001     1874.0     1876.0 
  119    no        7.3        0.0        2.7      487.4      1.825     1027.0     1874.0 
  120    no  4384601.5       41.5        0.0      492.4      6.507     4424.0    28789.0 
  121    no  4384655.8       60.9        0.0      493.2      0.154    28789.0     4424.0 
  123    no        2.3        0.0        2.1      508.3      4.825     1319.0     6364.0 
  125    no  4386406.3        5.3        0.0      520.1      3.714      510.0     1894.0 
  126    no  4386485.6        5.0        0.0      521.4      0.269     1894.0      510.0 
  127    no  4386965.3       37.3        0.0      528.7      0.426    15332.0     6536.0 
  128    no  4387028.6       35.6        0.0      529.7      2.346     6536.0    15332.0 
  131    no  4388101.7       14.2        0.0      546.3      0.147     6153.0      903.0 
  132    no  4388179.8       11.5        0.0      547.6      0.904      903.0      816.0 
  133    no  4388249.2        8.8        0.0      548.6      1.107      816.0      903.0 
  134    no  4388358.0        8.7        0.0      550.3      0.946     1197.0     1132.0 
  135    no  4388403.2        8.3        0.0      551.0      1.057     1132.0     1197.0 
  136    no       41.8        0.0        2.6      555.0      1.013     1118.0     1132.0 
  138    no       39.4        0.9        0.0      564.0      1.323     1088.0     1439.0 
  139    no       39.9        0.1        7.1      567.8      0.756     1439.0     1088.0 
  140    no       68.5        0.0        0.0      574.7      1.656      869.0     1439.0 
  144    no  4391888.5        5.0        0.0      605.5      0.923      810.0      748.0 
  145    no  4391959.3        5.0        0.0      606.6      1.083      748.0      810.0 
  147    no  4393058.3       69.2        0.0      623.9     25.069     4796.0   120233.0 
  149    no       60.4        0.1        8.3      642.7      2.304     1135.0     2615.0 
  150    no       15.2        0.0        4.3      645.7      2.346     2615.0     6134.0 
  151    no  4394546.1       12.8        0.0      647.4      0.440     6134.0     2698.0 
  152    no  4394620.2       12.8        0.0      648.6      2.274     2698.0     6134.0 
  153    no  4394834.4       19.4        0.0      652.0      2.843     2590.0     7363.0 
  154    no  4394894.5       28.6        0.0      652.9      0.352     7363.0     2590.0 
  155    no       47.8        0.6        0.7      656.7      8.012      919.0     7363.0 
  156    no       11.8        0.1       37.7      672.7      2.637     5103.0    13458.0 
  161    no  4398226.0        8.9        0.0      706.0      0.698     1462.0     1020.0 
  162    no  4398272.5        7.7        0.0      706.8      1.433     1020.0     1462.0 
  163    no  4398583.4        5.4        0.0      711.8      2.217      351.0      778.0 
  164    no  4398648.1        5.1        0.0      712.8      0.451      778.0      351.0 
  165    no  4399024.9       13.9        0.0      718.9      2.139     2209.0     4726.0 
  166    no  4399094.3       20.6        0.0      720.0      0.467     4726.0     2209.0 
  168    no  4399462.2       16.3        0.0      725.9     13.563      767.0    10403.0 
  169    no       67.5        3.9      124.9      734.0      7.386    55836.0   412428.0 
  171    no       45.6       13.2        5.1      740.7     83.302     4951.0   412428.0 
  173    no  4401659.5      144.5        0.0      761.4    103.372     1859.0   192168.0 
  174    no  4401750.9       35.8        0.0      762.8      0.256     7257.0     1859.0 
  176    no  4402303.5       27.4        0.0      771.8     12.813     1654.0    21193.0 
  177    no       67.2        6.8        2.2      774.1      0.695     2379.0     1654.0 
  178    no       67.2        0.8        8.4      778.8      2.089      843.0     1761.0 
  179    no  4402840.6      158.9        0.0      780.5    249.267     1761.0   438960.0 
  181    no        4.0        0.0        4.9      794.7      4.327     2441.0    10563.0 
  182    no  4404112.8       12.7        0.0      801.2      0.224    10563.0     2363.0 
  183    no  4404203.6        7.4        0.0      802.7      4.470     2363.0    10563.0 
  184    no       39.8        0.6        7.4      807.6      5.451     2306.0    12571.0 
  185    no  4404750.6        6.0        0.0      811.6      0.162    12571.0     2031.0 
  186    no  4404832.2       51.9        0.0      813.0     15.070     2031.0    30608.0 
  188    no  4404999.1       33.0        0.0      815.7     20.993     1458.0    30608.0 
  189    no       53.2        0.2        5.0      822.7      0.931      890.0      829.0 
  190    no       66.8       14.7       27.6      829.6      0.672      829.0      557.0 
  191    no       47.6        9.1        3.2      834.2      1.488      557.0      829.0 
  193    no       66.7        4.1        5.7      853.0      2.184     1844.0     4027.0 
  194    no  4407819.4       20.0        0.0      862.0      5.382      626.0     3369.0 
  195    no  4407883.7        6.4        0.0      863.1      0.208     3369.0      701.0 
  196    no  4407944.4        4.8        0.0      864.0      4.806      701.0     3369.0 
  197    no       26.6      401.0        5.3      869.1     67.453      558.0    37639.0 
  199    no  4408563.7       22.6        0.0      874.3     35.542     1059.0    37639.0 
  200    no       66.4        2.0        4.4      893.4      0.852      973.0      829.0 
  201    no  4409825.6       18.1        0.0      895.1     34.265      829.0    28406.0 
  203    no  4410408.3        nan        0.0      904.6      1.490     1573.0     2343.0 
  204    no  4410487.5        nan        0.0        nan      0.671     2343.0     1573.0 
