   ID    ok   Diff(mA)       chi2        SNR     Diff/R      I1/I0         I0         I1 
    0    no       15.0       20.7     6452.5       29.3      1.000        1.0        1.0 
    1    no       18.8        1.0       91.8        0.0      1.000        1.0        1.0 
    6    no      137.5     6154.7    12892.2      201.3      1.000        1.0        1.0 
    8    no      134.8        0.3        3.4      351.1      1.000        1.0        1.0 
   16    no       10.9     1362.6    89290.5      536.9      1.000        1.0        1.0 
   17    no       16.8        0.1       33.7      614.1      1.000        1.0        1.0 
   19    no       91.3      204.9       24.6      630.6      1.000        1.0        1.0 
   20    no       18.0        0.1       28.2      645.2      1.000        1.0        1.0 
   22    no      129.3        3.4       16.5      706.8      1.000        1.0        1.0 
