 # ID       Xpix           Wavelength          Intens       Line 
    3       84.3        4352.61178968         58979.0        ThI 
    4        0.0        4352.68135437          4050.0          ? 
    5       94.1        4352.81944701          3106.0       ThII 
    6        0.0        4353.20681502          2465.0       NoID 
    7        0.0        4353.31458664          4883.0        ThI 
    8        0.0        4353.39101552          4064.0          ? 
    9      111.7        4353.44877131        214246.0        ThI 
   10      141.5        4354.48264310         25328.0        ThI 
   11      149.4        4354.65001803          4401.0          ? 
   12      165.8        4355.32018058         13753.0       ThII 
   13        0.0        4355.52684416         11436.0       NoID 
   14      190.0        4356.04418594         18047.0        ThI 
   15      201.5        4356.52134930         14482.0          ? 
   16      223.5        4357.25020339          2384.0          ? 
   17      237.3        4357.61339576         18628.0       ThII 
   18        0.0        4357.77213596           837.0       NoID 
   19        0.0        4357.85308364          2421.0       NoID 
   20        0.0        4357.97436471          1387.0        ThI 
   21        0.0        4358.08073070          2728.0        ThI 
   22      254.9        4358.32023264         82459.0        ThI 
   23        0.0        4359.28556145          1343.0          ? 
   24      286.8        4359.37249456         65616.0        ThI 
   25      297.0        4359.55613620          2694.0       NoID 
   26      315.6        4360.16723528         20160.0        ThI 
   27      320.1        4360.37143251           476.0          ? 
   28        0.0        4360.68434411          1244.0          ? 
   29        0.0        4360.71826618          4614.0        ThI 
   30        0.0        4361.30713412          9485.0       ThII 
   31        0.0        4361.35572632          1228.0          ? 
   32        0.0        4361.59353870           759.0       NoID 
   33        0.0        4361.68194342           856.0          ? 
   35      369.0        4362.06657113        210177.0       ArII 
   36      386.0        4362.47199537         15530.0        ThI 
   37        0.0        4362.55791174           618.0          ? 
   38        0.0        4362.72138370          2000.0        ThI 
   39        0.0        4362.78971670          4716.0       NoID 
   40      406.1        4363.12499641           837.0       NoID 
   41        0.0        4363.43055894          2503.0        ThI 
   42        0.0        4363.49955177          1130.0        ThI 
   43      425.5        4363.79467006         46618.0        ArI 
   44        0.0        4364.01596778          2102.0          ? 
   45        0.0        4364.04091821          4823.0        ThI 
   46        0.0        4364.38299712           640.0          ? 
   47        0.0        4364.46281110          2218.0        ThI 
   48        0.0        4364.50844709          2413.0        ThI 
   49        0.0        4364.94342854           541.0          ? 
   50        0.0        4365.01995738          3258.0        ThI 
   51      488.3        4365.93014468        243751.0        ThI 
   52      499.0        4366.12543025          4054.0        ThI 
   54        0.0        4367.19004088          1048.0        ThI 
   55      530.6        4367.28610358         22756.0        ThI 
   56      539.3        4367.41798885         24146.0        ThI 
   57        0.0        4368.27080825           277.0          ? 
   58        0.0        4368.35316656          1104.0        ThI 
   59      588.5        4368.99282309          2750.0        ThI 
   60        0.0        4369.28275073         13631.0          ? 
   61        0.0        4369.30850995          7642.0          ? 
   62        0.0        4369.40736791          1726.0        ThI 
   63        0.0        4369.49471791         31319.0        ThI 
   64        0.0        4369.55878204          6422.0       NoID 
   65        0.0        4369.60498387          5591.0        ThI 
   66      611.8        4369.87551062        215312.0        ThI 
   67      632.4        4370.38018970          3254.0          ? 
   68      656.4        4371.14006457          7538.0        ThI 
   69      682.1        4372.09519600          6840.0          ? 
   70        0.0        4372.17132695           336.0          ? 
   71      694.8        4372.48946216         17722.0       ArII 
   72        0.0        4372.57652423           271.0          ? 
   73        0.0        4372.64879219          1578.0        ThI 
   74        0.0        4372.95944037           478.0          ? 
   75      713.0        4373.03910539         14696.0       NoID 
   76        0.0        4373.14229521          4857.0       NoID 
   77        0.0        4373.20800290          3352.0        ThI 
   78        0.0        4373.47134354           610.0          ? 
   79        0.0        4373.52266503          1102.0          ? 
   80      747.3        4374.01226707         48162.0        ThI 
   81        0.0        4374.71113399          4991.0       NoID 
   82      769.9        4374.78522547         73421.0       ThII 
   83        0.0        4374.85948292         64521.0          ? 
   84        0.0        4375.02995801          3943.0       ThII 
   85        0.0        4375.08337294          6377.0       NoID 
   86      792.3        4375.40123822           835.0        ThI 
   87        0.0        4376.26018797          4135.0        ThI 
   88        0.0        4376.35365035          2127.0          ? 
   89        0.0        4376.42968032           343.0          ? 
   90      825.2        4376.53085068         18925.0       NoID 
   91      844.6        4377.09161397           364.0          ? 
   92        0.0        4377.31744748          2233.0       ThII 
   93        0.0        4377.40208019           355.0          ? 
   94        0.0        4377.49109474           708.0       NoID 
   95      858.5        4377.54633719         11935.0          ? 
   96        0.0        4377.65076568          2655.0        ThI 
   97      873.3        4377.91429027          3313.0        ThI 
   98      876.8        4378.02431428          5292.0       NoID 
   99      878.8        4378.17676413        514635.0        ThI 
  100      912.7        4379.21383495         21483.0       ArII 
  101      927.4        4379.66714854        956225.0       ArII 
  103      961.3        4380.71536941          2270.0        ThI 
  104      969.7        4380.88182856          2041.0        ThI 
  105        0.0        4381.33217093          4843.0       NoID 
  106        0.0        4381.40135370         48270.0       ThII 
  108        0.0        4382.20321847          3126.0        ThI 
  109        0.0        4382.26242287          1508.0          ? 
  110     1016.9        4382.38794181          1563.0       NoID 
  111     1048.2        4383.33480537          1529.0       NoID 
  112        0.0        4383.44823349           768.0          ? 
  113     1055.5        4383.54424819         37062.0     Contam 
  114        0.0        4383.60446233          2173.0          ? 
  117        0.0        4384.02060370          1876.0       NoID 
  118        0.0        4384.12463929          1874.0          ? 
  119     1076.8        4384.27608440          1027.0          ? 
  120        0.0        4384.60152266          4424.0       NoID 
  121        0.0        4384.65582536         28789.0        ThI 
  123     1123.7        4385.64026001          1319.0       NoID 
  125        0.0        4386.40632719           510.0          ? 
  126        0.0        4386.48564329          1894.0       NoID 
  127        0.0        4386.96530892         15332.0       ArII 
  128        0.0        4387.02859525          6536.0          ? 
  131        0.0        4388.10173552          6153.0        ThI 
  132        0.0        4388.17978296           903.0          ? 
  133        0.0        4388.24919967           816.0          ? 
  134        0.0        4388.35798301          1197.0       NoID 
  135        0.0        4388.40315211          1132.0       ThII 
  136     1221.6        4388.66193193          1118.0       NoID 
  138     1241.2        4389.23909087          1088.0       NoID 
  139     1249.6        4389.47950853          1439.0       NoID 
  140     1264.0        4389.92207493           869.0       NoID 
  142     1313.3        4391.38894045         12998.0        ThI 
  144        0.0        4391.88852082           810.0       NoID 
  145        0.0        4391.95925318           748.0          ? 
  147        0.0        4393.05825461          4796.0          ? 
  149     1408.8        4394.25048448          1135.0       NoID 
  150     1418.9        4394.43777313          2615.0       NoID 
  151        0.0        4394.54612658          6134.0       NoID 
  152        0.0        4394.62022505          2698.0       ArII 
  153        0.0        4394.83443061          2590.0        ThI 
  154        0.0        4394.89453378          7363.0       ThII 
  155     1440.5        4395.13547429           919.0       NoID 
  158     1504.8        4397.00951848          4781.0        ThI 
  159     1530.5        4397.79803070          9014.0       ArII 
  161        0.0        4398.22600493          1462.0       NoID 
  162        0.0        4398.27249168          1020.0        ThI 
  163        0.0        4398.58340575           351.0          ? 
  164        0.0        4398.64805371           778.0          ? 
  165        0.0        4399.02492440          2209.0        ThI 
  166        0.0        4399.09428113          4726.0       ThII 
  168        0.0        4399.46223017           767.0          ? 
  169     1604.2        4399.96954748         55836.0        ThI 
  171     1619.6        4400.38554986          4951.0       ThII 
  173        0.0        4401.65946015          1859.0          ? 
  174        0.0        4401.75092805          7257.0          ? 
  176        0.0        4402.30346744          1654.0          ? 
  177        0.0        4402.44722855          2379.0        ThI 
  178     1696.6        4402.73486275           843.0       ThII 
  179        0.0        4402.84058689          1761.0          ? 
  182        0.0        4404.11276363         10563.0        ThI 
  183        0.0        4404.20361069          2363.0       NoID 
  184     1760.5        4404.50501826          2306.0       NoID 
  185        0.0        4404.75060453         12571.0       NoID 
  186        0.0        4404.83220703          2031.0          ? 
  188        0.0        4404.99909305          1458.0          ? 
  189        0.0        4405.42610151           890.0          ? 
  190     1802.9        4405.84524905           829.0       NoID 
  191     1812.5        4406.12607804           557.0          ? 
  192     1841.0        4406.90842585          4027.0        ThI 
  193     1856.5        4407.27468132          1844.0       NoID 
  194        0.0        4407.81942276           626.0          ? 
  195        0.0        4407.88372181          3369.0          ? 
  196        0.0        4407.94442581           701.0          ? 
  197     1889.9        4408.24817376           558.0          ? 
  198     1896.5        4408.48170121         37639.0        ThI 
  199        0.0        4408.56371859          1059.0       NoID 
  200     1937.0        4409.71961194           973.0       NoID 
  201        0.0        4409.82564800           829.0          ? 
  202     1945.2        4409.89875973         28406.0        ThI 
  203        0.0        4410.40831742          1573.0       ThII 
  204        0.0        4410.48750455          2343.0       ThII 
  205     1971.4        4410.62360368           434.0          ? 
