 # ID       Xpix           Wavelength          Intens       Line 
   10        0.0        4385.64026001          1319.0       NoID 
   11        0.0        4385.75359415          6364.0        ThI 
   12        0.0        4386.40632719           510.0          ? 
   13        0.0        4386.48564329          1894.0       NoID 
   14        0.0        4386.96530892         15332.0       ArII 
   15        0.0        4387.02859525          6536.0          ? 
   16      107.6        4387.21907107          1940.0       NoID 
   17      125.6        4387.73458525         51153.0        ThI 
   18        0.0        4388.10173552          6153.0        ThI 
   19        0.0        4388.17978296           903.0          ? 
   20        0.0        4388.24919967           816.0          ? 
   21        0.0        4388.35798301          1197.0       NoID 
   22        0.0        4388.40315211          1132.0       ThII 
   23      148.6        4388.66193193          1118.0       NoID 
   24      162.3        4388.96976383          6470.0       NoID 
   25      166.2        4389.23909087          1088.0       NoID 
   26        0.0        4389.47950853          1439.0       NoID 
   27      186.1        4389.92207493           869.0       NoID 
   28      221.7        4391.11082072        373061.0       ThII 
   30      238.9        4391.52982933          6694.0        ThI 
   31        0.0        4391.88852082           810.0       NoID 
   32        0.0        4391.95925318           748.0          ? 
   33      277.8        4392.97404180        120233.0        ThI 
   34        0.0        4393.05825461          4796.0          ? 
   35      302.4        4393.75937788         36658.0        ThI 
   36      316.5        4394.25048448          1135.0       NoID 
   37        0.0        4394.43777313          2615.0       NoID 
   38        0.0        4394.54612658          6134.0       NoID 
   39        0.0        4394.62022505          2698.0       ArII 
   40        0.0        4394.83443061          2590.0        ThI 
   41        0.0        4394.89453378          7363.0       ThII 
   42      343.4        4395.13547429           919.0       NoID 
   43      378.6        4396.13951973          5103.0        ThI 
   44      386.0        4396.47819449         13458.0       ThII 
   45      400.6        4397.00951848          4781.0        ThI 
   46        0.0        4397.79803070          9014.0       ArII 
   47      433.0        4397.91481993         27331.0       ThII 
   48        0.0        4398.22600493          1462.0       NoID 
   49        0.0        4398.27249168          1020.0        ThI 
   50        0.0        4398.58340575           351.0          ? 
   51        0.0        4398.64805371           778.0          ? 
   52        0.0        4399.02492440          2209.0        ThI 
   53        0.0        4399.09428113          4726.0       ThII 
   54      474.4        4399.40650285         10403.0        ThI 
   55        0.0        4399.46223017           767.0          ? 
   56      493.4        4399.96954748         55836.0        ThI 
   57      495.7        4400.09679295        412428.0       ArII 
   58      504.7        4400.38554986          4951.0       ThII 
   59      541.8        4401.58086986        192168.0        ThI 
   60        0.0        4401.65946015          1859.0          ? 
   61        0.0        4401.75092805          7257.0          ? 
   62      562.5        4402.24495186         21193.0        ThI 
   63        0.0        4402.30346744          1654.0          ? 
   64      572.5        4402.44722855          2379.0        ThI 
   65        0.0        4402.73486275           843.0       ThII 
   66        0.0        4402.84058689          1761.0          ? 
   67      583.8        4402.92673719        438960.0        ThI 
   68      613.0        4403.71336489          2441.0       NoID 
   69        0.0        4404.11276363         10563.0        ThI 
   70        0.0        4404.20361069          2363.0       NoID 
   71      633.3        4404.50501826          2306.0       NoID 
   72        0.0        4404.75060453         12571.0       NoID 
   73        0.0        4404.83220703          2031.0          ? 
   74      645.8        4404.90324131         30608.0       ArII 
   75        0.0        4404.99909305          1458.0          ? 
   76      662.4        4405.42610151           890.0          ? 
   77      675.5        4405.84524905           829.0       NoID 
   78      685.1        4406.12607804           557.0          ? 
   79      709.8        4406.90842585          4027.0        ThI 
   80      724.7        4407.27468132          1844.0       NoID 
   81        0.0        4407.81942276           626.0          ? 
   82        0.0        4407.88372181          3369.0          ? 
   83        0.0        4407.94442581           701.0          ? 
   84      756.2        4408.24817376           558.0          ? 
   85      760.1        4408.48170121         37639.0        ThI 
   86        0.0        4408.56371859          1059.0       NoID 
   87        0.0        4409.71961194           973.0       NoID 
   88        0.0        4409.82564800           829.0          ? 
   89      805.7        4409.89875973         28406.0        ThI 
   90        0.0        4410.40831742          1573.0       ThII 
   91        0.0        4410.48750455          2343.0       ThII 
   92      832.0        4410.62360368           434.0          ? 
   93      847.5        4411.24788214          1632.0       NoID 
   94        0.0        4412.52979426          7549.0       ThII 
   95        0.0        4412.56776026         23319.0        ThI 
   96      897.4        4412.73907410         54054.0       ThII 
   97        0.0        4412.80022298          3117.0       ThII 
   98        0.0        4413.53365567          1749.0          ? 
   99        0.0        4413.63184778         11244.0        ThI 
  100        0.0        4414.14058969           550.0          ? 
  101        0.0        4414.21346348          3003.0        ThI 
  103      956.3        4414.62318348          1346.0       ThII 
  104        0.0        4414.76681062          7422.0        ThI 
  105      972.5        4415.12348561          3606.0          ? 
  106      989.7        4415.52287833          1973.0       NoID 
  108     1025.1        4416.65973466          3495.0       NoID 
  110        0.0        4416.94706093          1156.0          ? 
  111        0.0        4417.03236744           625.0          ? 
  112        0.0        4417.12119802           859.0          ? 
  113        0.0        4417.22224339          1383.0          ? 
  114        0.0        4417.30667213           849.0          ? 
  115        0.0        4417.35203318           626.0       NoID 
  116        0.0        4417.41003389           854.0          ? 
  117     1054.2        4417.63469667           756.0          ? 
  118     1060.5        4417.76046051          1734.0       NoID 
  120     1080.2        4418.28917015          1003.0          ? 
  121        0.0        4418.66435724          2122.0       ThII 
  122        0.0        4418.74369733           996.0          ? 
  123        0.0        4418.90521075           997.0          ? 
  124        0.0        4419.00578324          1338.0       ThII 
  125        0.0        4419.08456048          1002.0          ? 
  126        0.0        4419.25150747           670.0          ? 
  127        0.0        4419.31730512           598.0          ? 
  129     1126.9        4419.77036269          7119.0        ThI 
  130     1131.8        4420.00415906          1448.0          ? 
  131     1140.0        4420.11254249          6114.0        ThI 
  133        0.0        4421.77686575          1209.0          ? 
  134        0.0        4421.83125341          1564.0       ThII 
  136     1210.5        4422.35436051          1218.0          ? 
  137     1218.8        4422.62892113          1201.0       NoID 
  141     1251.1        4423.52807808          3530.0        ThI 
  143        0.0        4423.91995677          4478.0          ? 
  144        0.0        4423.99443214         29612.0        ArI 
  145        0.0        4424.14504943          1145.0          ? 
  146        0.0        4424.24338551          2617.0        ThI 
  147     1282.4        4424.53974338          2217.0        ThI 
  149        0.0        4424.89955852          1172.0       NoID 
  150        0.0        4425.01778435           987.0          ? 
  151        0.0        4425.11573853          2366.0          ? 
  152     1306.0        4425.22070585           797.0          ? 
  155        0.0        4427.23098086          4130.0        ThI 
  156        0.0        4427.30963812         34694.0          ? 
  157     1381.7        4427.41308385           435.0          ? 
  158        0.0        4427.52812652          3105.0        ThI 
  159        0.0        4427.56703226          1480.0        ThI 
  160        0.0        4427.65452320          2780.0       ThII 
  161        0.0        4428.55378910         12270.0        ThI 
  162        0.0        4428.63928556          2051.0          ? 
  164        0.0        4428.82200539           805.0          ? 
  165     1426.2        4428.88283335          9579.0       NoID 
  166        0.0        4429.25614893          3087.0       ThII 
  167        0.0        4429.35302938          2074.0       NoID 
  168     1460.5        4429.82286551          8233.0        ThI 
  170     1512.6        4431.41396300          2536.0        ThI 
  172     1557.0        4432.69259386          1244.0          ? 
  173        0.0        4432.80013251          1608.0          ? 
  177        0.0        4434.24817469           969.0          ? 
  178        0.0        4434.32931230           802.0       ThII 
  179     1630.5        4434.95700579         16438.0     Contam 
  180     1642.8        4435.29228338          2862.0        ThI 
  182     1656.5        4435.67840557          5491.0       NoID 
  183        0.0        4435.78988417           349.0          ? 
  184     1666.9        4435.89754179           696.0          ? 
  185        0.0        4436.04782616          5125.0       ThII 
  186        0.0        4436.14253119           936.0          ? 
  188     1683.9        4436.39798083           738.0          ? 
  189        0.0        4436.55107446          5434.0       ThII 
  190        0.0        4436.62409120          2714.0       NoID 
  191        0.0        4436.68020741           478.0          ? 
  192        0.0        4436.99336683         10810.0       NoID 
  193        0.0        4437.08923355          1343.0          ? 
  194     1716.3        4437.44483078          6915.0        ThI 
  195     1732.5        4437.91977254          1847.0        ThI 
  196     1748.7        4438.44466713           849.0          ? 
  197        0.0        4438.55732642          2273.0       NoID 
  198        0.0        4438.62498158          1730.0       NoID 
  201        0.0        4440.27428666         41244.0        ThI 
  202        0.0        4440.35363573         82916.0        ThI 
  203        0.0        4440.49547733           880.0        ThI 
  204     1823.7        4440.57370570         45522.0       ThII 
  205     1833.7        4440.86597562         35531.0       ThII 
  206        0.0        4441.14731043           652.0          ? 
  207        0.0        4441.19508083          1492.0        ThI 
  208     1859.1        4441.60896969         42107.0        ThI 
  209        0.0        4441.66377823          2892.0          ? 
  210     1888.8        4442.51397602          1160.0          ? 
  211     1909.6        4443.08586121          8985.0       ThII 
  212     1915.0        4443.19841553          1170.0        ThI 
  213     1929.5        4443.66547935         53096.0        ThI 
  214     1934.3        4443.76728250          5745.0       NoID 
  215     1967.1        4444.85735003          6888.0          ? 
  216        0.0        4444.97829413          1884.0          ? 
  217     1976.8        4445.03328963         27568.0        ThI 
