 # ID       Xpix           Wavelength          Intens       Line 
    7        0.0        5098.59530706          5112.0       NoID 
    8        0.0        5098.65769046          1422.0       ThII 
    9        0.0        5098.93511764         25930.0        ThI 
   10        0.0        5099.03119307         18870.0        ThI 
   11        0.0        5099.40087471          1338.0          ? 
   12        0.0        5099.45933115           299.0          ? 
   13      100.5        5100.11031693          1407.0          ? 
   14        0.0        5100.58092870         46044.0          ? 
   15        0.0        5100.62141492        418332.0        ThI 
   16        0.0        5100.72900030          2992.0          ? 
   17      128.5        5101.12937876         88276.0        ThI 
   18      131.2        5101.34511135         10383.0        ThI 
   19      135.1        5101.49199027          2071.0       NoID 
   20        0.0        5102.40152124          3160.0       NoID 
   21        0.0        5102.51350044           498.0          ? 
   22        0.0        5102.60356547           716.0          ? 
   23      171.1        5102.73369584          5433.0       NoID 
   24        0.0        5103.69991873           396.0          ? 
   25        0.0        5103.76558525          2862.0       ThII 
   26        0.0        5103.87745648          2022.0       NoID 
   27        0.0        5103.93086427           862.0          ? 
   28        0.0        5104.05815740           437.0          ? 
   29      214.5        5104.28795925          1075.0          ? 
   30        0.0        5104.56168441          5883.0          ? 
   31        0.0        5104.60655646          3743.0          ? 
   32      236.0        5105.13134481           860.0          ? 
   33        0.0        5105.94785353           740.0          ? 
   34        0.0        5106.02281058           922.0          ? 
   36      300.0        5107.63828168          2276.0          ? 
   37        0.0        5107.78867666          2031.0       NoID 
   38        0.0        5107.84798788          1384.0          ? 
   39        0.0        5107.96359011           841.0          ? 
   40        0.0        5108.52176857           533.0          ? 
   41        0.0        5108.59750142          1482.0          ? 
   42        0.0        5108.89467033           730.0          ? 
   43        0.0        5109.00646758          1898.0          ? 
   45        0.0        5109.82230747           646.0          ? 
   46        0.0        5109.92759445           767.0          ? 
   47      369.6        5110.04606692          8476.0        ThI 
   48        0.0        5110.13700472           832.0          ? 
   49        0.0        5110.22037153          4194.0          ? 
   50      379.5        5110.41197954         23722.0          ? 
   51      381.4        5110.55311198         17400.0        ThI 
   52      383.2        5110.71711534          2459.0          ? 
   53        0.0        5110.86035422         11076.0       ThII 
   54        0.0        5110.94955348          3323.0          ? 
   55      395.2        5111.06111079         36787.0        ThI 
   56        0.0        5111.17756680          1425.0          ? 
   58      405.1        5111.42343937          1267.0          ? 
   59        0.0        5111.56959247          5338.0          ? 
   60        0.0        5111.67850149          4661.0        ThI 
   61        0.0        5111.81161606          1887.0          ? 
   62        0.0        5111.92434506          2616.0          ? 
   63        0.0        5112.06839872          2068.0          ? 
   64      428.1        5112.20262400          1535.0          ? 
   66      435.6        5112.47741687          1656.0          ? 
   67      435.3        5112.61485229          1579.0          ? 
   68      442.1        5112.74994334          3755.0       NoID 
   69      442.5        5112.89769802          1585.0          ? 
   70        0.0        5113.04416504          3511.0        ThI 
   71        0.0        5113.20312374          1754.0          ? 
   72        0.0        5113.29499129         12085.0        ThI 
   73        0.0        5113.38085144         17935.0       ThII 
   74        0.0        5113.49183890          1716.0          ? 
   76      471.8        5113.92456574          1602.0          ? 
   77      476.9        5114.06821151          6236.0        ThI 
   78        0.0        5114.23287668          1388.0          ? 
   79        0.0        5114.29731253          1463.0          ? 
   80        0.0        5114.38759151          1409.0          ? 
   82      516.3        5115.52339023          3203.0        ThI 
   83      522.9        5115.84644225           522.0          ? 
   84        0.0        5115.99728911          1334.0          ? 
   85        0.0        5116.05620443          4570.0       NoID 
   86        0.0        5116.29624754         15203.0       NoID 
   87        0.0        5116.40400586          1556.0          ? 
   88        0.0        5117.29232044         29020.0       NoID 
   89        0.0        5117.37618012          5208.0       NoID 
   90        0.0        5118.47968543          1990.0          ? 
   91        0.0        5118.56183756          1807.0          ? 
   92        0.0        5118.67309195          1949.0          ? 
   93        0.0        5118.75807134          1936.0          ? 
   94        0.0        5118.87459432          2371.0          ? 
   95        0.0        5118.96715169          1450.0          ? 
   96        0.0        5119.07212475          2523.0          ? 
   97        0.0        5119.17965713          1384.0          ? 
   98        0.0        5119.28239379          2313.0          ? 
   99        0.0        5119.66127895          3413.0       NoID 
  100        0.0        5119.75941583           738.0          ? 
  101        0.0        5119.86780098          6344.0        ThI 
  102        0.0        5120.40574081           487.0          ? 
  103        0.0        5120.45611040          1447.0          ? 
  104        0.0        5120.57593451           801.0          ? 
  105        0.0        5120.66360518          2196.0          ? 
  106        0.0        5120.71395678          1509.0       NoID 
  107        0.0        5121.27082856          2451.0          ? 
  108        0.0        5121.32437831         14303.0       NoID 
  109        0.0        5121.47996190          7156.0       ArII 
  110        0.0        5121.59718770           748.0          ? 
  111        0.0        5121.69070881          1508.0          ? 
  112        0.0        5122.10872155          1505.0          ? 
  113        0.0        5122.22537450          1434.0          ? 
  114        0.0        5122.31996533          1574.0          ? 
  116        0.0        5122.59532704          1495.0          ? 
  117        0.0        5122.89799148          1473.0       ThII 
  118        0.0        5122.98107337          5203.0          ? 
  119        0.0        5123.41100493          1215.0          ? 
  120        0.0        5123.48462834           504.0          ? 
  122      745.9        5123.85853782          1258.0          ? 
  123      749.8        5124.08170842          1147.0          ? 
  124        0.0        5124.24626862          5199.0       NoID 
  125        0.0        5124.31217008           993.0          ? 
  127        0.0        5125.00254732          1767.0       NoID 
  128        0.0        5125.06121971          1003.0          ? 
  129        0.0        5125.29855454          2056.0        ThI 
  130        0.0        5125.35173338          2028.0       NoID 
  134      857.9        5127.79747540         10168.0          ? 
  136        0.0        5128.56961187          4000.0          ? 
  137      879.8        5128.74506417          4283.0       NoID 
  138        0.0        5129.09369437          4619.0          ? 
  139        0.0        5129.20256140          4762.0        ThI 
  140        0.0        5129.45200700          1228.0          ? 
  141        0.0        5129.55264021          6073.0        ThI 
  142        0.0        5129.65839406          2191.0        ThI 
  143      915.2        5129.84677392          2721.0       ThII 
  145      931.9        5130.48686254          1228.0          ? 
  146        0.0        5131.07311649         12001.0       ThII 
  147        0.0        5131.14612406          2005.0          ? 
  148        0.0        5131.70720371          2098.0       NoID 
  149        0.0        5131.80526061           408.0          ? 
  150        0.0        5131.90697253           635.0          ? 
  151        0.0        5131.99234081          8163.0        ThI 
  152        0.0        5132.04301332          1692.0          ? 
  153        0.0        5132.14850524          1622.0          ? 
  154        0.0        5132.24104860          1885.0       ThII 
  155        0.0        5132.64182192          1057.0          ? 
  156        0.0        5132.74153238          6837.0        ThI 
  157        0.0        5132.85188901          2550.0       NoID 
  158      998.7        5132.98199537           473.0          ? 
  159        0.0        5133.10598637         18890.0       NoID 
  160        0.0        5133.17768328          6264.0       NoID 
  161        0.0        5133.60247021           682.0          ? 
  162        0.0        5133.68837234           666.0          ? 
  163        0.0        5133.75053280          4123.0        ThI 
  164     1029.4        5133.90748202           467.0          ? 
  165     1037.2        5134.33277081          1234.0        ThI 
  166     1046.2        5134.57024960          3005.0        ThI 
  168     1072.3        5135.58807666          2325.0        ThI 
  169        0.0        5135.74682540           843.0          ? 
  170        0.0        5135.86469602          1385.0          ? 
  171        0.0        5135.99082944           997.0          ? 
  172        0.0        5136.06192952           902.0          ? 
  174        0.0        5136.23356483          1111.0          ? 
  175        0.0        5136.37959296          1686.0          ? 
  176        0.0        5136.48932275          1314.0          ? 
  177        0.0        5136.61381161          1174.0          ? 
  178        0.0        5136.70167322           567.0          ? 
  179        0.0        5136.74457080          1092.0          ? 
  180        0.0        5136.87518103          1157.0          ? 
  181     1117.1        5137.00432665          1453.0          ? 
  182     1118.5        5137.14258285          1278.0          ? 
  183        0.0        5137.28458405          1633.0          ? 
  184        0.0        5137.40363636          1100.0          ? 
  186        0.0        5137.55104312          2859.0          ? 
  187     1136.7        5137.70797734          5029.0       NoID 
  188     1138.2        5137.83969228          1542.0          ? 
  189        0.0        5138.27541129          1336.0          ? 
  190        0.0        5138.35885708           340.0          ? 
  191        0.0        5138.42684798          1269.0          ? 
  192     1161.7        5138.57582632          1482.0          ? 
  193        0.0        5138.89292790          1616.0          ? 
  194        0.0        5138.95733476          3673.0          ? 
  195        0.0        5139.05959853          4597.0        ThI 
  196        0.0        5139.67680623           743.0          ? 
  197        0.0        5139.77133906           395.0          ? 
  198        0.0        5139.83551398          3672.0          ? 
  199        0.0        5140.00399513           609.0          ? 
  200        0.0        5140.06506387           610.0          ? 
  201        0.0        5140.13061442          2664.0          ? 
  202        0.0        5140.18627361           431.0          ? 
  203     1210.5        5140.33847009           463.0          ? 
  204        0.0        5140.71757917         22958.0       ThII 
  205        0.0        5140.77353227         95927.0        ThI 
  206     1235.6        5141.26471152          7292.0        ThI 
  207        0.0        5142.37899588          2380.0          ? 
  208        0.0        5142.45897159          2477.0          ? 
  209        0.0        5142.54342410          2027.0          ? 
  210        0.0        5142.63867375          2602.0          ? 
  211        0.0        5142.71099450          1921.0          ? 
  212        0.0        5142.82099721          2121.0          ? 
  213        0.0        5142.91384849          1789.0          ? 
  214        0.0        5143.01496257          2272.0          ? 
  215        0.0        5143.11221668          1438.0          ? 
  218        0.0        5143.54247814          1699.0          ? 
  219        0.0        5143.63421972          1762.0          ? 
  220        0.0        5143.81319107         13628.0        ThI 
  222        0.0        5144.00712844          2108.0          ? 
  223        0.0        5144.14473881           862.0          ? 
  224        0.0        5144.19649403          1203.0          ? 
  225        0.0        5144.27280671           865.0          ? 
  226     1326.0        5144.39940301          1829.0          ? 
  227        0.0        5144.53733429           812.0          ? 
  228        0.0        5144.59764224          1012.0          ? 
  229        0.0        5144.67091273          2261.0       NoID 
  230     1339.9        5144.80452916          1798.0          ? 
  231     1345.7        5145.03741416         34760.0       ThII 
  234     1385.1        5146.48431996          1136.0          ? 
  235     1393.0        5146.70143616          1183.0          ? 
  236        0.0        5147.08458615          1374.0       ThII 
  237        0.0        5147.13460783          8386.0        ThI 
  238        0.0        5147.35408940          1616.0          ? 
  239        0.0        5147.46400114           738.0          ? 
  242        0.0        5147.96226149           868.0          ? 
  243        0.0        5148.04314196          1171.0          ? 
  245        0.0        5148.27937906           998.0          ? 
  246     1444.6        5148.50247067           964.0          ? 
  247     1450.7        5148.74565992          1586.0          ? 
  248        0.0        5148.89545304          1039.0          ? 
  249        0.0        5148.96488456          1268.0          ? 
  250     1458.9        5149.08765187           407.0          ? 
  252        0.0        5149.68992053          1132.0          ? 
  254        0.0        5149.91141056          1117.0          ? 
  256        0.0        5151.85824924         19838.0       ThII 
  257        0.0        5151.96555067          5793.0          ? 
  258     1564.2        5152.71342856           779.0          ? 
  259        0.0        5152.86079532          5136.0       ArII 
  260        0.0        5152.97009522          1261.0          ? 
  261        0.0        5153.13556117          7707.0          ? 
  262        0.0        5153.23122070          2198.0       NoID 
  263        0.0        5153.37888638           473.0          ? 
  264        0.0        5153.42663067          1335.0          ? 
  265        0.0        5153.51740650          3069.0       ThII 
  266        0.0        5153.60446632           423.0          ? 
  268        0.0        5154.82744771           559.0          ? 
  270     1633.4        5155.08278472          3662.0        ThI 
  271     1660.4        5155.91218889          1876.0       NoID 
  272     1666.2        5156.04589629          1191.0          ? 
  273     1681.9        5156.60876443          1749.0       NoID 
  274     1699.0        5157.27562188           802.0          ? 
  275        0.0        5157.42602983          9166.0        ThI 
  276        0.0        5157.48122113          2324.0          ? 
  277        0.0        5157.57637880           665.0          ? 
  278        0.0        5157.67295308          1119.0          ? 
  280     1756.3        5159.15606619           956.0          ? 
  281        0.0        5159.34243357          2212.0        ThI 
  282        0.0        5159.45278619         11712.0        ThI 
  283        0.0        5159.51526955          2820.0          ? 
  284        0.0        5159.61974373         35077.0        ThI 
  285        0.0        5159.71728476          3546.0          ? 
  286        0.0        5160.01091358           628.0          ? 
  287        0.0        5160.12356758           592.0          ? 
  288        0.0        5160.26623560          1096.0          ? 
  289        0.0        5160.36049150           644.0          ? 
  290        0.0        5160.48290990           812.0          ? 
  292        0.0        5161.64161038          2661.0          ? 
  293        0.0        5161.70635914          1392.0          ? 
  295        0.0        5162.55581596          9007.0        ThI 
  296        0.0        5162.67213099          2353.0          ? 
  297        0.0        5162.74593933         23226.0       ArII 
  298     1870.0        5162.96004632          1055.0          ? 
  299     1873.6        5163.23789834          4472.0        ThI 
  301        0.0        5164.10945027          7899.0        ThI 
  302        0.0        5164.20384613          5307.0        ThI 
  303        0.0        5164.40142452         20292.0        ThI 
  304        0.0        5164.45864529          2836.0          ? 
  305        0.0        5164.97732118          5638.0        ThI 
  306        0.0        5165.05879048         14224.0        ThI 
  307     1945.2        5165.60677257          5779.0        ThI 
  309        0.0        5167.01750492          1090.0          ? 
