 # ID       Xpix           Wavelength          Intens       Line 
    6        0.0        4715.86130193          1609.0        ThI 
    7        0.0        4715.95281569          1826.0          ? 
    8        0.0        4715.99634017          1810.0          ? 
    9        0.0        4716.06128197          7910.0        ThI 
   10      102.7        4717.15349270           434.0          ? 
   11      109.5        4717.38980611         18338.0        ThI 
   12        0.0        4717.48232161          1081.0          ? 
   13      127.4        4717.92918725          2790.0       NoID 
   14      135.2        4718.29291892           807.0          ? 
   15        0.0        4718.51470217          7867.0        ThI 
   16        0.0        4718.61620829         15317.0       ThII 
   17        0.0        4719.19343541           786.0          ? 
   18        0.0        4719.25130208          2805.0          ? 
   19      168.7        4719.44184161         12835.0        ThI 
   20      175.2        4719.56355938           753.0          ? 
   21      175.4        4719.69264719         10190.0        ThI 
   22        0.0        4719.92143459          2536.0          ? 
   23        0.0        4719.97969416         10884.0          ? 
   24        0.0        4720.03079262          1526.0          ? 
   25      189.2        4720.16151100         12853.0       NoID 
   26      197.6        4720.45755859         53905.0       NoID 
   27      207.1        4720.78056804         20346.0        ThI 
   28      221.2        4721.27611078        122609.0        ThI 
   29      230.4        4721.59024358         91924.0       ArII 
   30      244.7        4722.08868256        159604.0        ThI 
   31        0.0        4722.42054666          1494.0          ? 
   32        0.0        4722.50014657         10444.0        ThI 
   33      293.8        4723.78434342        187103.0       ThII 
   34        0.0        4724.77289558         21852.0       ThII 
   35        0.0        4724.82924265          5929.0       ThII 
   36      327.7        4724.99049494          1643.0       NoID 
   37      343.2        4725.38733182          1956.0        ThI 
   38      355.4        4725.94500411          2445.0       ThII 
   39      370.9        4726.33665037          4971.0       ThII 
   40        0.0        4727.44258042          4902.0        ThI 
   41        0.0        4727.53254459          5032.0          ? 
   42        0.0        4727.60495841          1497.0          ? 
   43        0.0        4727.70678943          4077.0       NoID 
   44      412.1        4727.84901476         17457.0        ThI 
   45      420.6        4728.13372534         32724.0        ThI 
   46      434.2        4728.59349955          4914.0        ThI 
   47        0.0        4728.98626251         12700.0        ThI 
   48      449.6        4729.12830188        343508.0        ThI 
   49      467.6        4729.63583844           794.0          ? 
   50      471.7        4729.87976382         20374.0       ThII 
   51      478.0        4730.09209558         18981.0        ThI 
   52      501.1        4730.88110557         10988.0       ThII 
   53      513.3        4731.19556726          4527.0       NoID 
   54      535.6        4732.05396687        707966.0       ArII 
   55        0.0        4732.67155327          2437.0       ThII 
   56        0.0        4732.74961559          1632.0          ? 
   57        0.0        4732.82335205          2333.0          ? 
   58        0.0        4732.87124537          6946.0          ? 
   59      564.1        4733.02422584          2126.0       ThII 
   60      594.6        4734.04560327         20220.0        ThI 
   61        0.0        4734.16010393          1274.0          ? 
   62      615.5        4734.76452381          1679.0       ThII 
   63        0.0        4735.33460479          2201.0          ? 
   64        0.0        4735.38157734           897.0          ? 
   65        0.0        4735.47165348          1760.0          ? 
   66      662.4        4736.40114324          1595.0       ThII 
   67        0.0        4736.52636906          3045.0        ThI 
   68        0.0        4736.59488091           568.0          ? 
   69        0.0        4737.53182369          5191.0        ThI 
   70        0.0        4737.60672485          2960.0        ThI 
   71        0.0        4737.65884304          3946.0       ThII 
   73      713.5        4738.07018807          1169.0          ? 
   74      725.8        4738.47139577          2185.0       NoID 
   75        0.0        4738.84044400          3462.0        ThI 
   76        0.0        4738.90459301           560.0          ? 
   77        0.0        4738.98876871           733.0          ? 
   79        0.0        4739.27217262           798.0          ? 
   80        0.0        4739.35478774          2179.0       NoID 
   81      759.1        4739.49029484          2308.0          ? 
   83      765.6        4739.86364892          2500.0       ThII 
   84      774.6        4740.09990733          1566.0       NoID 
   85        0.0        4740.33150797          3264.0       NoID 
   87        0.0        4741.38854492          4598.0       ThII 
   90      858.4        4742.89247546           614.0          ? 
   91      865.3        4743.03048490          1103.0       NoID 
   92        0.0        4744.45116149          1104.0          ? 
   93        0.0        4744.50089931           909.0          ? 
   94        0.0        4744.63789601          2972.0       NoID 
   95        0.0        4744.70949904          1013.0          ? 
   96        0.0        4744.80019201          2421.0          ? 
   97        0.0        4744.84561998          1456.0          ? 
   98        0.0        4745.27454633         11935.0       NoID 
   99        0.0        4745.33650491         57811.0        ThI 
  100        0.0        4745.55791925           790.0          ? 
  101        0.0        4745.63298136          2216.0        ThI 
  102        0.0        4745.70031552           227.0          ? 
  103        0.0        4746.05876155           670.0          ? 
  104        0.0        4746.11206043          1623.0          ? 
  105        0.0        4746.19268106          1518.0          ? 
  106        0.0        4746.72835113          1082.0       ThII 
  107        0.0        4746.82224925         19936.0          ? 
  108        0.0        4746.91053686          6644.0       NoID 
  109        0.0        4746.97745513          1652.0       NoID 
  110      988.0        4747.09372832           504.0          ? 
  112        0.0        4747.55811228          1646.0          ? 
  113        0.0        4747.61711364          9175.0        ThI 
  114     1010.5        4747.98332861           913.0        ThI 
  115     1018.9        4748.11304124          1602.0       NoID 
  117        0.0        4748.52906101           665.0          ? 
  119        0.0        4749.10796762          1259.0          ? 
  121        0.0        4749.28452384          2216.0          ? 
  122        0.0        4749.79807076         43868.0        ThI 
  123        0.0        4749.89361844         12186.0        ThI 
  125        0.0        4750.50704590           625.0          ? 
  126        0.0        4750.55839730           224.0          ? 
  127     1110.5        4751.12168304           582.0          ? 
  128        0.0        4751.33140447          1234.0       ThII 
  129        0.0        4751.40364433          1582.0       NoID 
  130     1123.5        4751.55290178           561.0          ? 
  132        0.0        4752.13883252           820.0       NoID 
  133        0.0        4752.20262961           826.0          ? 
  134        0.0        4752.31812501           621.0          ? 
  136        0.0        4752.59166153          8107.0        ThI 
  137        0.0        4752.64510836          2094.0          ? 
  138     1191.5        4753.81378668           841.0          ? 
  139        0.0        4754.20984773           547.0          ? 
  140        0.0        4754.31388916           830.0          ? 
  141        0.0        4754.40657860           999.0       ThII 
  142        0.0        4754.46475318           831.0          ? 
  143     1227.2        4754.94755425          1077.0       NoID 
  144     1240.2        4755.39408192          3276.0          ? 
  145     1268.0        4756.30265616           429.0          ? 
  146        0.0        4756.53365394          7533.0        ThI 
  147        0.0        4756.62010703          2026.0       ThII 
  148        0.0        4756.70129152         12596.0        ThI 
  149        0.0        4757.13597233          4138.0       NoID 
  151        0.0        4757.30237823          1857.0          ? 
  152     1301.7        4757.41620307          3939.0        ThI 
  153        0.0        4758.00589280         27306.0       NoID 
  154        0.0        4758.07822163         56217.0        ThI 
  155        0.0        4758.14920782        100946.0        ThI 
  157     1343.5        4758.76010193          2951.0       NoID 
  159        0.0        4759.58488336          3904.0       ThII 
  160        0.0        4759.68820398         13450.0        ThI 
  161     1384.6        4760.05465387           700.0       ThII 
  163     1404.0        4760.63887604           993.0          ? 
  164     1411.4        4760.93968133          1406.0       ThII 
  167     1444.1        4762.05201954           614.0          ? 
  168        0.0        4762.23010735          6599.0          ? 
  169        0.0        4762.30280808          1414.0          ? 
  171        0.0        4763.72672272          1019.0          ? 
  172        0.0        4763.78758659          3299.0       NoID 
  173     1504.2        4763.96553542          1112.0          ? 
  176     1562.9        4765.84381363           612.0          ? 
  177     1569.0        4765.97873287          1082.0          ? 
  178        0.0        4766.10571922           627.0          ? 
  179     1579.3        4766.30429359          4500.0       NoID 
  182     1617.2        4767.48262130          1160.0          ? 
  183        0.0        4768.06125194         10275.0       ThII 
  184        0.0        4768.16652604          9056.0          ? 
  185     1655.2        4768.67741163         71205.0          ? 
  186        0.0        4770.28027081           691.0          ? 
  187        0.0        4770.38663961          4428.0          ? 
  188        0.0        4770.44421835          4188.0          ? 
  189        0.0        4770.58259967          7945.0       NoID 
  190        0.0        4770.65603621          1983.0          ? 
  191        0.0        4770.74462173          1600.0       ThII 
  192        0.0        4770.79856143          7592.0        ThI 
  193     1753.1        4771.86698325           620.0          ? 
  194        0.0        4771.98180282          1295.0          ? 
  195        0.0        4772.06807695           365.0          ? 
  196     1766.6        4772.29328426           610.0          ? 
  198     1792.3        4772.95875487           834.0          ? 
  199     1793.9        4773.10495212          3275.0       ThII 
  201     1842.8        4774.69050286           654.0          ? 
  202     1851.9        4774.83148549          1892.0       NoID 
  203     1854.8        4775.06600933           792.0          ? 
  204     1858.8        4775.19207191           747.0          ? 
  206        0.0        4775.37194424          1845.0          ? 
  207        0.0        4775.47999260           690.0          ? 
  208        0.0        4775.54380768          2233.0        ThI 
  210     1899.5        4776.32107265          6678.0        ThI 
  213     1937.3        4777.64870874          2019.0          ? 
  214     1969.0        4778.63801950          4270.0        ThI 
