   ID    ok   Diff(mA)       chi2        SNR     Diff/R      I1/I0         I0         I1 
    6    no       55.3        nan        7.9       22.5      1.805     4115.0     7429.0 
    7    no       44.1        0.2       12.4       25.0      0.554     7429.0     4115.0 
    8    no       11.6        0.2      121.2       30.4      0.131    56796.0     7429.0 
    9    no       17.4        0.5      911.9       37.9      0.052  1081874.0    56796.0 
   11    no       37.1        0.0        3.8       48.5      3.686     1929.0     7111.0 
   12    no       42.8        0.1        6.0       55.4      2.138     2523.0     5393.0 
   13    no        8.1        0.5        2.6       58.2      0.468     5393.0     2523.0 
   14    no       25.3        1.2       10.8       61.6      0.200    27027.0     5393.0 
   15    no       25.7        0.2      106.1       64.9      0.030   203328.0     6026.0 
   16    no      102.7        0.1       12.0       66.6     33.742     6026.0   203328.0 
   17    no  6093021.4        9.7        0.0       87.0      2.053     3795.0     7790.0 
   18    no       19.5        0.0        8.0      107.1      0.325     7790.0     2534.0 
   19    no       24.8        0.0        9.1      108.9      3.074     2534.0     7790.0 
   20    no      100.9        0.0       13.1      111.0      1.151     2202.0     2534.0 
   21    no      101.8        0.1        2.2      116.6      2.028     1086.0     2202.0 
   22    no  6097193.2       18.2        0.0      128.6      0.150    11450.0     1722.0 
   23    no  6097286.6       13.2        0.0      129.6      6.649     1722.0    11450.0 
   24    no  6097411.5       10.4        0.0      130.8      0.725     2376.0     1722.0 
   25    no      101.6        0.1        0.0      132.6      0.615     3865.0     2376.0 
   26    no       97.8        6.8        1.7      134.9      0.629     6142.0     3865.0 
   27    no       13.6        0.0      100.5      138.0      0.036    98402.0     3569.0 
   28    no       57.2        0.0        7.3      140.0     27.571     3569.0    98402.0 
   29    no       10.9        0.7      360.8      144.9      0.173   626922.0   108574.0 
   30    no       12.1        0.2      256.4      147.7      5.774   108574.0   626922.0 
   33    no      100.9       17.1       39.8      170.9      0.970     2066.0     2004.0 
   34    no      100.9        1.4        0.0      172.7    222.679     2004.0   446249.0 
   36    no      100.9        0.3       35.2      176.5     69.585     6413.0   446249.0 
   37    no       10.4        1.9      984.5      183.4      0.036   729811.0    26237.0 
   38    no  6102719.1      144.2        0.0      184.6     27.816    26237.0   729811.0 
   39    no  6103538.8       85.1        0.0      193.0      0.261   116573.0    30469.0 
   40    no  6103640.3       67.0        0.0      194.1      3.826    30469.0   116573.0 
   41    no  6104020.1        5.9        0.0      198.0      0.502     3042.0     1527.0 
   42    no  6104166.3        6.0        0.0      199.5      1.992     1527.0     3042.0 
   43    no       97.8        3.1        0.0      207.5    454.559     1468.0   667292.0 
   45    no        6.3        0.0        3.5      224.7     13.358     2204.0    29442.0 
   47    no  6106920.5       14.9        0.0      227.9     10.385     2835.0    29442.0 
   49    no  6108280.3       14.7        0.0      241.9      0.189    18993.0     3582.0 
   50    no  6108398.0       12.2        0.0      243.2      0.379     3582.0     1358.0 
   51    no  6108485.8        7.6        0.0      244.1      2.638     1358.0     3582.0 
   52    no  6109150.9       14.8        0.0      251.0      0.564    11399.0     6427.0 
   53    no  6109213.9       14.5        0.0      251.7      1.774     6427.0    11399.0 
   54    no  6109643.1        5.5        0.0      256.1      2.368     1012.0     2396.0 
   55    no  6109709.3        5.9        0.0      256.8      0.422     2396.0     1012.0 
   56    no       99.5        0.2        3.3      266.8      2.873      834.0     2396.0 
   62    no  6118050.5        3.8        0.0      345.0      0.283     2846.0      806.0 
   63    no  6118144.6        4.1        0.0      346.0      3.531      806.0     2846.0 
   64    no        3.7        0.0        1.9      348.3      2.357      342.0      806.0 
   65    no  6119665.9       59.7        0.0      362.3      1.138    77659.0    88341.0 
   66    no  6119703.2       62.2        0.0      362.7      0.879    88341.0    77659.0 
   68    no  6120252.8        7.6        0.0      368.6      1.891     3192.0     6036.0 
   69    no  6120352.3        6.7        0.0      369.6      0.529     6036.0     3192.0 
   71    no       44.2        0.6       11.1      374.4      7.468     9500.0    70947.0 
   72    no  6122214.5       36.7        0.0      389.7      0.057    72495.0     4114.0 
   73    no  6122353.2       32.0        0.0      391.2     17.622     4114.0    72495.0 
   74    no  6122492.0       26.4        0.0      392.7      0.972     3840.0     3733.0 
   75    no  6122624.3       25.8        0.0      394.2      0.967     3733.0     3611.0 
   76    no  6122747.4       24.9        0.0      395.5      1.034     3611.0     3733.0 
   77    no        7.1        0.5        3.5      397.1      1.098     3289.0     3611.0 
   78    no       95.8        3.6        0.1      398.7      1.076     3058.0     3289.0 
   79    no       97.6       45.9      102.9      400.4      0.771     3966.0     3058.0 
   81    no       97.6        1.8        0.0      403.9     44.496     2256.0   100384.0 
   82    no  6123710.6       26.6        0.0      405.9     47.428     2477.0   117480.0 
   84    no       59.2       11.2        0.5      409.8      0.042    34424.0     1453.0 
   85    no       97.4        7.4        0.0      412.2    329.369     1453.0   478573.0 
   87    no  6124587.0      103.8        0.0      415.5      0.270     4087.0     1102.0 
   88    no  6124687.8       12.1        0.0      416.6      3.709     1102.0     4087.0 
   89    no  6125608.7        7.7        0.0      426.6     14.935     1202.0    17952.0 
   92    no       97.1        0.3        0.0      438.1     17.625     1260.0    22207.0 
   93    no        0.1        1.2        3.0      450.9      1.867     2737.0     5110.0 
   94    no       13.1        0.2       13.4      454.3      5.837     5110.0    29828.0 
   95    no  6128337.2       25.3        0.0      456.5      0.845    29828.0    25215.0 
   96    no  6128442.9       25.5        0.0      457.6      1.183    25215.0    29828.0 
   97    no       15.2        0.0       52.4      460.7      0.312    80855.0    25215.0 
   99    no  6129317.5        8.1        0.0      467.3      0.716     2609.0     1869.0 
  100    no  6129411.0       21.0        0.0      468.3      8.120     1869.0    15176.0 
  101    no  6129490.0       31.2        0.0      469.2      2.559    15176.0    38837.0 
  102    no  6129547.4       32.6        0.0      469.8      0.391    38837.0    15176.0 
  103    no  6129694.7       13.3        0.0      471.4      2.492     1422.0     3544.0 
  104    no  6129768.7       11.6        0.0      472.2      0.401     3544.0     1422.0 
  107    no  6130756.4       12.4        0.0      483.2      0.806     5038.0     4063.0 
  108    no  6130840.2       16.2        0.0      484.1      1.240     4063.0     5038.0 
  110    no       96.4       17.6        7.0      490.2      5.358      758.0     4061.0 
  111    no  6131590.2       14.6        0.0      492.4      1.422     4147.0     5896.0 
  112    no  6131666.5       13.1        0.0      493.2      0.703     5896.0     4147.0 
  113    no  6131751.0        5.5        0.0      494.2      5.246     1124.0     5896.0 
  114    no       96.3        7.8        6.7      499.4      2.108     1912.0     4030.0 
  115    no  6132369.0       14.3        0.0      501.0      0.615     4030.0     2479.0 
  116    no  6132417.1       13.5        0.0      501.6      1.626     2479.0     4030.0 
  117    no  6132770.9       23.3        0.0      505.5      7.514     4407.0    33112.0 
  118    no  6132861.8       25.5        0.0      506.5      0.133    33112.0     4407.0 
  120    no  6133178.1       25.8        0.0      510.0      0.380     4405.0     1674.0 
  121    no  6133269.4        8.7        0.0      511.0      2.631     1674.0     4405.0 
  122    no  6133593.5       14.3        0.0      514.7      0.166     4599.0      762.0 
  123    no  6133669.5       14.0        0.0      515.5      6.035      762.0     4599.0 
  126    no  6134448.3       19.5        0.0      524.2      0.924     4223.0     3903.0 
  127    no  6134551.0       14.9        0.0      525.3      1.082     3903.0     4223.0 
  128    no       95.9        7.0        0.0      532.0      3.437     1206.0     4145.0 
  133    no       95.7        2.4        0.0      552.9      1.122     3316.0     3722.0 
  140    no  6140598.1        8.5        0.0      593.3      1.854     1800.0     3337.0 
  141    no  6140699.0       17.7        0.0      594.5      3.757     3337.0    12536.0 
  142    no  6140765.2       17.6        0.0      595.2      0.266    12536.0     3337.0 
  143    no  6140884.1        6.5        0.0      596.6      0.159     6041.0      958.0 
  144    no  6140983.5        4.0        0.0      597.7      6.306      958.0     6041.0 
  146    no  6141633.9        5.2        0.0      605.1      5.152     1233.0     6353.0 
  147    no  6141756.9       19.3        0.0      606.5      0.194     6353.0     1233.0 
  150    no       60.5        0.9        0.5      616.2      0.703     3504.0     2463.0 
  153    no  6144278.3        3.8        0.0      635.2      0.416     1640.0      683.0 
  154    no  6144407.3        3.5        0.0      636.6      2.401      683.0     1640.0 
  155    no  6144565.3       13.7        0.0      638.5      0.352     1941.0      683.0 
  157    no       94.6        0.5       58.0      646.7     39.007    20776.0   810409.0 
  159    no  6147467.2       19.8        0.0      671.7      0.925     1698.0     1571.0 
  160    no  6147602.6       22.4        0.0      673.3      1.081     1571.0     1698.0 
  161    no  6147742.5       11.9        0.0      674.9      1.052     1217.0     1280.0 
  162    no  6147876.9       12.3        0.0      676.4      3.400     1280.0     4352.0 
  163    no  6147955.0       18.9        0.0      677.3      0.294     4352.0     1280.0 
  164    no  6148068.6       42.6        0.0      678.6      0.748     6910.0     5168.0 
  165    no  6148180.0       44.8        0.0      679.9      0.301     5168.0     1556.0 
  166    no  6148260.7       35.9        0.0      680.9      3.321     1556.0     5168.0 
  167    no  6148354.7       25.4        0.0      681.9      0.318     4896.0     1556.0 
  168    no  6148472.8       20.6        0.0      683.3      1.195     1576.0     1884.0 
  169    no  6148551.4       19.4        0.0      684.2      0.837     1884.0     1576.0 
  170    no  6148675.0       20.7        0.0      685.6      0.981     2072.0     2032.0 
  171    no  6148788.2       26.2        0.0      686.9      1.016     2032.0     2064.0 
  172    no  6148886.8       21.4        0.0      688.1      0.984     2064.0     2032.0 
  173    no       10.1        0.2      101.4      708.8      0.094    94756.0     8915.0 
  174    no       84.9        0.4       14.5      718.5    148.056     8915.0  1319919.0 
  177    no  6153321.4       12.0        0.0      739.5      0.792     2121.0     1679.0 
  178    no  6153436.1       19.2        0.0      740.8      1.167     1679.0     1960.0 
  179    no  6153531.6       11.6        0.0      741.9      0.857     1960.0     1679.0 
  180    no       28.7       28.1        1.0      744.5      0.670     2926.0     1960.0 
  182    no  6154415.2       38.8        0.0      752.2     27.934     5266.0   147100.0 
  185    no  6155471.8       86.5        0.0      764.5     10.391    41353.0   429680.0 
  188    no  6156104.4       11.8        0.0      771.9      0.489     5838.0     2857.0 
  189    no  6156227.3       18.3        0.0      773.4      2.043     2857.0     5838.0 
  190    no       79.8        1.5        0.4      775.8      1.773     1955.0     3467.0 
  191    no  6156615.0       11.7        0.0      777.9      0.572     3467.0     1984.0 
  192    no  6156752.1       10.4        0.0      779.5      1.747     1984.0     3467.0 
  194    no  6157411.9       16.1        0.0      787.3      0.156     3678.0      575.0 
  195    no  6157537.1        8.0        0.0      788.7      6.397      575.0     3678.0 
  196    no  6158112.9       12.3        0.0      795.5      1.608     1363.0     2192.0 
  197    no  6158212.5       14.3        0.0      796.7      0.347     2192.0      760.0 
  198    no  6158306.8       12.5        0.0      797.8      0.366      760.0      278.0 
  199    no  6158390.9       13.0        0.0      798.7      2.734      278.0      760.0 
  200    no  6158479.6       11.1        0.0      799.8      0.207     1343.0      278.0 
  201    no  6158627.9       10.7        0.0      801.5      0.360     2280.0      821.0 
  202    no  6158751.3        9.5        0.0      803.0      1.778      821.0     1460.0 
  203    no  6158851.5        8.0        0.0      804.2      0.562     1460.0      821.0 
  204    no       10.2        0.4       10.7      806.6      0.603     2676.0     1613.0 
  205    no       25.2        0.1       14.4      808.5      1.659     1613.0     2676.0 
  206    no  6159484.8        8.3        0.0      811.6      0.832     2336.0     1944.0 
  207    no  6159617.0        9.7        0.0      813.2      0.791     1944.0     1537.0 
  208    no  6159656.9        8.8        0.0      813.6      1.265     1537.0     1944.0 
  209    no       11.2        0.0      262.4      833.6      0.005   283185.0     1461.0 
  210    no  6161649.0       10.7        0.0      837.1      5.829     1461.0     8516.0 
  211    no  6161762.0       14.0        0.0      838.5      0.172     8516.0     1461.0 
  212    no       21.0        0.0       27.7      843.3      0.069   123168.0     8516.0 
  213    no  6162851.3        9.4        0.0      851.4      6.406     3744.0    23985.0 
  214    no  6162970.0       20.1        0.0      852.8      0.156    23985.0     3744.0 
  215    no       10.0        0.0       14.1      855.6      9.858     2433.0    23985.0 
  217    no       27.6        0.0        3.0      863.9      6.944     2517.0    17479.0 
  218    no       30.6        1.2       34.3      878.3      0.016    95976.0     1551.0 
  219    no  6165769.3       10.2        0.0      886.0      1.924     1551.0     2984.0 
  220    no  6165836.2       12.1        0.0      886.8      0.520     2984.0     1551.0 
  221    no  6165971.7        7.0        0.0      888.4      4.434      673.0     2984.0 
  222    no  6166314.6       10.6        0.0      892.5      3.044     1563.0     4758.0 
  223    no  6166432.3        8.3        0.0      893.9      0.959     4758.0     4565.0 
  224    no  6166536.3        5.9        0.0      895.1      1.042     4565.0     4758.0 
  225    no       16.3        0.0       13.6      905.3      4.912     1564.0     7683.0 
  226    no       26.6        0.0       21.3      908.0      0.204     7683.0     1564.0 
