   ID    ok   Diff(mA)       chi2        SNR     Diff/R      I1/I0         I0         I1 
    0    no       12.7        0.1       13.5       15.5      0.425     3970.0     1688.0 
    1    no  6434648.5        7.0        0.0        0.0      1.093     1688.0     1845.0 
    2    no  6434793.4        9.4        0.0        1.3      0.527     1845.0      973.0 
    3    no  6434892.4       11.2        0.0        2.2      1.896      973.0     1845.0 
    4    no  6434992.6       19.2        0.0        3.2      1.232      790.0      973.0 
    5    no       12.5        0.0       52.3        4.4      0.056    14193.0      790.0 
    6    no       22.6        0.0        5.3       11.6      1.849      801.0     1481.0 
    7    no       82.0        0.1       10.0       16.7     20.979     1481.0    31070.0 
    8    no       12.3        0.1       31.9       18.6      0.048    31070.0     1481.0 
    9    no  6437106.2        8.5        0.0       22.7      0.857     1128.0      967.0 
   10    no  6437240.6        6.5        0.0       23.9      1.166      967.0     1128.0 
   11    no  6437601.2       75.7        0.0       27.3      3.400    87821.0   298576.0 
   12    no  6437761.6      139.3        0.0       28.8      0.294   298576.0    87821.0 
   13    no  6438308.3       22.1        0.0       33.8      0.221    31196.0     6880.0 
   14    no  6438386.0       18.3        0.0       34.6      4.534     6880.0    31196.0 
   15    no  6438600.9       10.8        0.0       36.6      1.871     1784.0     3338.0 
   16    no  6438676.8       11.8        0.0       37.3      0.534     3338.0     1784.0 
   17    no  6440238.3       10.5        0.0       51.8      5.327      982.0     5231.0 
   18    no  6440354.9       10.0        0.0       52.9      0.188     5231.0      982.0 
   19    no       14.9        0.0       20.3       61.6      8.633    12548.0   108324.0 
   21    no  6445563.2       10.1        0.0      102.0     13.847     1534.0    21241.0 
   23    no       11.6        0.0       25.4      107.5      1.072    19807.0    21241.0 
   25    no       50.8        0.2        4.9      117.5      0.504     1835.0      924.0 
   26    no  6447457.2        7.4        0.0      120.1      0.892      924.0      824.0 
   27    no  6447549.3        8.9        0.0      121.0      0.482      824.0      397.0 
   28    no  6447624.2        8.7        0.0      121.7      2.076      397.0      824.0 
   29    no  6447993.6        5.1        0.0      125.2      0.136     3401.0      462.0 
   30    no  6448083.2        4.7        0.0      126.1      7.361      462.0     3401.0 
   31    no       40.9        0.0        3.8      128.3      0.517      894.0      462.0 
   32    no  6448725.8       14.0        0.0      132.2      0.144     9526.0     1374.0 
   33    no  6448836.0        8.3        0.0      133.3      6.933     1374.0     9526.0 
   35    no      101.0        0.3        0.0      142.6      7.710    30972.0   238785.0 
   37    no  6450282.3        9.1        0.0      147.2      2.266     6048.0    13705.0 
   38    no  6450371.1        9.8        0.0      148.1      0.441    13705.0     6048.0 
   39    no  6450596.5        8.5        0.0      150.2      0.575     9096.0     5229.0 
   40    no  6450697.6        7.8        0.0      151.2      1.740     5229.0     9096.0 
   42    no       22.6        0.0        5.8      156.6     18.443     3810.0    70267.0 
   44    no  6452845.0        4.5        0.0      172.0     14.744      810.0    11943.0 
   46    no  6453041.6        5.5        0.0      173.9     11.640     1026.0    11943.0 
   47    no        9.7        0.0        2.9      176.8      0.506     3475.0     1758.0 
   48    no        4.5        0.0        4.3      178.8      1.977     1758.0     3475.0 
   49    no        4.9        0.0        2.0      189.3     18.422     1846.0    34007.0 
   51    no  6455390.6        8.8        0.0      196.8      2.375      632.0     1501.0 
   52    no  6455489.6        4.9        0.0      197.7      0.421     1501.0      632.0 
   53    no  6455596.8        4.5        0.0      198.8      0.316     4747.0     1501.0 
   54    no  6456062.0        5.6        0.0      203.3      0.646     2003.0     1293.0 
   55    no  6456165.7        4.7        0.0      204.4      1.549     1293.0     2003.0 
   56    no  6456390.3        7.8        0.0      206.6      3.661     2731.0     9998.0 
   57    no  6456500.0       10.2        0.0      207.6      0.273     9998.0     2731.0 
   58    no  6458417.6       10.4        0.0      226.5      0.463     8578.0     3968.0 
   59    no  6458459.2        9.6        0.0      226.9      2.162     3968.0     8578.0 
   60    no      104.9        0.1        0.1      231.0      1.566     1713.0     2683.0 
   61    no       42.2        0.0        4.5      233.4      3.245     2683.0     8707.0 
   62    no       21.9        0.1       13.5      235.2      0.308     8707.0     2683.0 
   63    no      104.4        0.0        3.1      242.4     24.892     2790.0    69450.0 
   65    no      104.6        1.3        0.0      249.0     35.200     1973.0    69450.0 
   66    no  6460937.4        6.4        0.0      251.4      3.747     3847.0    14414.0 
   67    no  6461067.2       16.5        0.0      252.7      0.267    14414.0     3847.0 
   68    no      104.2        0.0        5.0      275.8      2.300     1272.0     2925.0 
   70    no  6465586.4        7.7        0.0      297.9      0.246    11796.0     2896.0 
   71    no  6465696.7        6.6        0.0      299.0      4.073     2896.0    11796.0 
   72    no  6466358.2       22.9        0.0      305.6     14.990    42882.0   642814.0 
   74    no       68.9        1.5      176.1      309.2      6.223   103291.0   642814.0 
   75    no  6467148.0        9.0        0.0      313.6      0.106    10005.0     1064.0 
   76    no  6467224.2        8.2        0.0      314.4      9.403     1064.0    10005.0 
   77    no  6467556.4       14.3        0.0      317.7     36.951     1759.0    64996.0 
   79    no  6467805.3       12.1        0.0      320.2      9.451     2218.0    20962.0 
   80    no  6467922.4       23.8        0.0      321.4      0.106    20962.0     2218.0 
   81    no  6468049.5       45.5        0.0      322.7      0.228    91874.0    20962.0 
   82    no  6471092.8       13.9        0.0      353.6     33.124     1581.0    52369.0 
   84    no  6471543.4        4.4        0.0      358.2     28.499      806.0    22970.0 
   85    no      103.0        0.3        0.0      359.4      0.035    22970.0      806.0 
   86    no       53.0        0.1       10.5      362.3      3.661     6275.0    22970.0 
   88    no        4.8        0.0        4.6      372.7     21.522     3475.0    74790.0 
   89    no  6474742.9       34.9        0.0      391.0      1.285    31750.0    40810.0 
   90    no  6474796.2       34.7        0.0      391.6      0.778    40810.0    31750.0 
   92    no  6478616.4        3.6        0.0      431.1      0.597     2197.0     1311.0 
   93    no  6478738.8        3.4        0.0      432.3      1.676     1311.0     2197.0 
   94    no        2.2        0.0        4.3      434.4      0.718     1826.0     1311.0 
   95    no  6479956.3        4.5        0.0      445.0      1.971     2558.0     5041.0 
   96    no  6480085.6        7.3        0.0      446.4      0.507     5041.0     2558.0 
   97    no       23.5        0.0        2.2      450.1      1.407     3384.0     4760.0 
  103    no  6484172.5        6.1        0.0      489.2     13.172      975.0    12843.0 
  104    no       70.9        0.1        9.9      493.9      1.222      613.0      749.0 
  105    no  6485013.8        4.4        0.0      498.0      1.987      749.0     1488.0 
  106    no  6485151.0        2.9        0.0      499.5      0.871     1488.0     1296.0 
  107    no  6485258.5        7.5        0.0      500.6      1.148     1296.0     1488.0 
  111    no  6486832.0        4.1        0.0      517.2      0.280     4763.0     1332.0 
  112    no  6486972.6        4.8        0.0      518.7      0.887     1332.0     1182.0 
  113    no  6487075.8        4.6        0.0      519.8      1.127     1182.0     1332.0 
  116    no      100.4        2.0       79.0      557.1     92.508    10040.0   928777.0 
  118    no      100.3        0.3        7.9      566.0    176.977     5248.0   928777.0 
  120    no  6493777.3        6.9        0.0      591.4      2.040    76203.0   155444.0 
  122    no       99.9        0.3        4.7      600.5      2.287      690.0     1578.0 
  123    no       99.8        0.7        3.9      604.3     21.189     1578.0    33436.0 
  124    no       13.8        0.2       45.6      607.3      0.032    33436.0     1075.0 
  125    no  6495337.8       12.8        0.0      608.2     31.103     1075.0    33436.0 
  126    no  6495922.3       13.6        0.0      614.5      6.673     6651.0    44381.0 
  127    no  6496029.8       20.8        0.0      615.6      0.150    44381.0     6651.0 
  128    no  6496964.3        8.2        0.0      625.7      0.109     9019.0      979.0 
  129    no  6497055.7        7.8        0.0      626.7      9.212      979.0     9019.0 
  132    no       13.3        0.0       87.5      648.9      0.042   107146.0     4546.0 
  133    no       77.4        3.7        1.9      654.8      6.117    17517.0   107146.0 
  135    no       10.8        0.2       36.3      673.5     11.442    22330.0   255502.0 
  137    no       99.0        0.1       42.2      682.5     14.016    18229.0   255502.0 
  139    no  6503898.9        6.0        0.0      701.3      0.754     2937.0     2214.0 
  140    no  6503991.4        6.4        0.0      702.3      1.327     2214.0     2937.0 
  141    no       51.9        0.0        5.3      704.9      0.248     8944.0     2214.0 
  142    no  6506137.2       16.1        0.0      725.9      0.392     6370.0     2499.0 
  143    no  6506232.0       15.6        0.0      726.9      2.549     2499.0     6370.0 
  144    no  6506378.1       14.1        0.0      728.5      1.256     2252.0     2828.0 
  145    no  6506512.8       12.5        0.0      730.0      0.796     2828.0     2252.0 
  146    no       98.4        8.1        0.0      731.7      1.635     1730.0     2828.0 
  147    no       98.4        0.4        1.7      733.6    117.800     2446.0   288140.0 
  148    no       12.1        0.2      342.5      735.2      0.008   288140.0     2446.0 
  149    no       36.7        0.1       30.0      737.0    113.441     2540.0   288140.0 
  150    no       98.3        0.7        0.0      738.9      1.609     1579.0     2540.0 
  151    no  6507510.4       14.5        0.0      741.0      2.527     3183.0     8044.0 
  152    no  6507560.6       14.5        0.0      741.6      0.396     8044.0     3183.0 
  153    no  6507689.3       11.7        0.0      743.0      6.145     1309.0     8044.0 
  154    no  6507855.4       10.8        0.0      744.8      1.912     1976.0     3778.0 
  155    no  6507943.9        9.9        0.0      745.8      0.523     3778.0     1976.0 
  156    no  6508058.9       16.2        0.0      747.1      1.419     2663.0     3778.0 
  157    no       98.3        2.9       99.0      748.4      0.060    44755.0     2663.0 
  158    no       17.5        0.0      120.3      750.4      0.278   161204.0    44755.0 
  159    no  6509488.3        8.9        0.0      762.9      0.684     2042.0     1397.0 
  160    no  6509606.0        7.6        0.0      764.2      0.802     1397.0     1121.0 
  161    no  6509710.3        6.8        0.0      765.3      1.246     1121.0     1397.0 
  162    no  6509851.5        7.3        0.0      766.9      1.157     1944.0     2250.0 
  163    no  6509958.0        7.7        0.0      768.1      0.864     2250.0     1944.0 
  164    no  6510162.1        7.5        0.0      770.3      6.809      874.0     5951.0 
  165    no  6510262.6        9.0        0.0      771.5      0.147     5951.0      874.0 
  166    no  6510365.8        9.2        0.0      772.6      3.198     1861.0     5951.0 
  167    no       47.4        0.2       14.6      776.4      6.589     2802.0    18461.0 
  168    no       22.4        0.0       67.1      779.6      0.991    18461.0    18287.0 
  169    no  6511252.0       30.9        0.0      782.4      1.468    18287.0    26844.0 
  170    no  6511357.9       41.3        0.0      783.6      0.681    26844.0    18287.0 
  171    no  6511506.3       22.5        0.0      785.3      6.496     1229.0     7983.0 
  172    no  6511580.0       16.3        0.0      786.1      0.154     7983.0     1229.0 
  173    no       54.8        0.4       17.5      802.4     10.092     9370.0    94558.0 
  174    no       37.9        0.2       44.1      811.3      0.015    94558.0     1412.0 
  175    no  6514292.7       10.5        0.0      816.3      1.671     1412.0     2359.0 
  176    no  6514377.2       12.9        0.0      817.2      0.599     2359.0     1412.0 
  177    no  6514473.8       13.0        0.0      818.3      0.891     2647.0     2359.0 
  178    no       37.5        1.5        1.2      820.8      0.407     6496.0     2647.0 
  179    no  6516147.1       10.6        0.0      837.0      0.645     2997.0     1932.0 
  180    no       25.8        0.2       23.3      843.4      1.551     1932.0     2997.0 
  181    no  6518443.8        nan        0.0      862.5      0.437     4424.0     1932.0 
