   ID    ok   Diff(mA)       chi2        SNR     Diff/R      I1/I0         I0         I1 
   20    no       87.2        nan      373.7       25.4      0.052    34760.0     1798.0 
   21    no       44.4        1.0      833.9       28.5      0.087   397295.0    34760.0 
   22    no       20.4        0.5      146.1       37.1      0.044    25535.0     1136.0 
   23    no  5146484.3        9.1        0.0       42.0      1.041     1136.0     1183.0 
   24    no       76.0        1.2        5.1       44.5      0.960     1183.0     1136.0 
   25    no  5147084.6        9.2        0.0       49.0      6.103     1374.0     8386.0 
   26    no  5147134.6       10.3        0.0       49.5      0.164     8386.0     1374.0 
   27    no  5147354.1        6.9        0.0       52.1      0.457     1616.0      738.0 
   28    no  5147464.0        8.6        0.0       53.4      2.190      738.0     1616.0 
   29    no  5147589.6        8.4        0.0       54.8      0.665     1109.0      738.0 
   30    no       38.8        0.8       20.6       57.4      0.512     1694.0      868.0 
   31    no  5147962.3        5.4        0.0       59.1      1.349      868.0     1171.0 
   32    no  5148043.1        7.1        0.0       60.1      0.741     1171.0      868.0 
   33    no       32.0        0.1       85.7       62.0      0.033    30350.0      998.0 
   34    no  5148279.4       37.8        0.0       62.8     30.411      998.0    30350.0 
   35    no  5148502.5        6.3        0.0       65.4      1.035      964.0      998.0 
   37    no  5148895.5        6.1        0.0       70.0      1.220     1039.0     1268.0 
   38    no  5148964.9        8.0        0.0       70.8      0.819     1268.0     1039.0 
   39    no  5149087.7        8.2        0.0       72.2     69.705      407.0    28370.0 
   40    no       20.4        0.1       39.6       73.6      0.014    28370.0      407.0 
   41    no  5149689.9        7.7        0.0       79.2     10.316     1132.0    11678.0 
   42    no       37.3        0.6       31.2       80.6      0.096    11678.0     1117.0 
   43    no  5149911.4       11.3        0.0       81.8     10.455     1117.0    11678.0 
   44    no       19.6        0.4        5.7       84.9      1.569      712.0     1117.0 
   45    no  5151858.2       27.9        0.0      104.6      0.292    19838.0     5793.0 
   46    no  5151965.6       19.5        0.0      105.9      3.424     5793.0    19838.0 
   47    no  5152713.4        5.9        0.0      114.7      6.593      779.0     5136.0 
   48    no  5152860.8        8.3        0.0      116.5      0.246     5136.0     1261.0 
   49    no  5152970.1        7.7        0.0      117.7      4.073     1261.0     5136.0 
   50    no  5153135.6        5.5        0.0      119.7      0.285     7707.0     2198.0 
   51    no  5153231.2        6.9        0.0      120.8      3.506     2198.0     7707.0 
   52    no  5153378.9        5.0        0.0      122.6      2.822      473.0     1335.0 
   53    no  5153426.6        5.0        0.0      123.1      0.354     1335.0      473.0 
   54    no  5153517.4        8.3        0.0      124.2      0.138     3069.0      423.0 
   55    no  5153604.5        6.7        0.0      125.2      7.255      423.0     3069.0 
   56    no       12.1        0.9     1438.1      132.8      0.001   653354.0      559.0 
   57    no  5154827.4        9.0        0.0      139.7     16.020      559.0     8955.0 
   58    no       14.9        0.0       27.9      140.6      0.062     8955.0      559.0 
   59    no       82.3        0.1        0.0      142.8      2.445     3662.0     8955.0 
   60    no       11.4        0.1        2.5      152.6      0.635     1876.0     1191.0 
   61    no       83.0        0.6        2.3      154.2      1.575     1191.0     1876.0 
   62    no       85.7        0.1        3.6      161.0      0.681     1749.0     1191.0 
   63    no       85.6        0.1        0.0      168.9     11.429      802.0     9166.0 
   64    no  5157426.0        8.8        0.0      170.7      0.254     9166.0     2324.0 
   65    no  5157481.2        9.2        0.0      171.4      3.944     2324.0     9166.0 
   66    no  5157576.4        5.2        0.0      172.5      3.495      665.0     2324.0 
   67    no  5157673.0        3.5        0.0      173.7      0.594     1119.0      665.0 
   69    no       25.6        0.0        2.7      191.5      2.314      956.0     2212.0 
   70    no  5159342.4        9.2        0.0      193.8      5.295     2212.0    11712.0 
   71    no  5159452.8       15.6        0.0      195.1      0.241    11712.0     2820.0 
   72    no  5159515.3       19.4        0.0      195.9      4.153     2820.0    11712.0 
   73    no  5159619.7       27.6        0.0      197.1      0.101    35077.0     3546.0 
   74    no  5159717.3       16.9        0.0      198.3      9.892     3546.0    35077.0 
   75    no  5160010.9        6.3        0.0      201.8      0.943      628.0      592.0 
   76    no  5160123.6        5.6        0.0      203.2      1.061      592.0      628.0 
   77    no  5160266.2        6.4        0.0      204.9      0.588     1096.0      644.0 
   78    no  5160360.5        6.5        0.0      206.1      1.702      644.0     1096.0 
   79    no  5160482.9        6.2        0.0      207.6      0.793      812.0      644.0 
   81    no  5161641.6       59.4        0.0      221.6      0.523     2661.0     1392.0 
   82    no  5161706.4       19.4        0.0      222.4      1.912     1392.0     2661.0 
   84    no  5162555.8       11.9        0.0      232.7      0.261     9007.0     2353.0 
   85    no  5162672.1       24.6        0.0      234.2      9.871     2353.0    23226.0 
   86    no  5162745.9       38.5        0.0      235.1      0.101    23226.0     2353.0 
   87    no       84.7        0.1        2.4      237.7     22.015     1055.0    23226.0 
   88    no       64.8        0.3        6.5      241.1    128.453     4472.0   574443.0 
   90    no  5164109.5        8.5        0.0      251.7      0.672     7899.0     5307.0 
   91    no  5164203.8        7.9        0.0      252.9      1.488     5307.0     7899.0 
   92    no  5164401.4       18.5        0.0      255.3      0.140    20292.0     2836.0 
   93    no  5164458.6       16.2        0.0      256.0      7.155     2836.0    20292.0 
   94    no  5164977.3       10.2        0.0      262.4      2.523     5638.0    14224.0 
   95    no  5165058.8       13.3        0.0      263.4      0.396    14224.0     5638.0 
   96    no       84.3        0.1        9.6      270.1     14.679     5779.0    84832.0 
   98    no  5167017.5       13.3        0.0      287.6      1.099     1090.0     1198.0 
   99    no  5167107.4       12.7        0.0      288.7      0.910     1198.0     1090.0 
  100    no  5167208.7       11.9        0.0      289.9      0.867     1382.0     1198.0 
  101    no  5167322.7       11.7        0.0      291.3      0.643     2149.0     1382.0 
  102    no  5167657.4       10.4        0.0      295.5      0.595     1487.0      885.0 
  103    no  5167769.1        9.5        0.0      296.9      2.554      885.0     2260.0 
  104    no  5167877.9       12.6        0.0      298.2      0.392     2260.0      885.0 
  105    no  5168022.5       10.0        0.0      300.0      0.312     1886.0      589.0 
  106    no  5168139.1        9.1        0.0      301.5      3.202      589.0     1886.0 
  107    no  5168261.1       10.1        0.0      303.0      0.480     1226.0      589.0 
  108    no  5168392.3       13.4        0.0      304.6      0.134     9162.0     1226.0 
  110    no  5168665.6       21.6        0.0      308.0     26.059     1338.0    34867.0 
  111    no  5169903.4        7.0        0.0      323.4      0.646      916.0      592.0 
  112    no       13.7        0.7        3.7      337.1      9.365      592.0     5544.0 
  113    no  5171595.0        6.7        0.0      344.6      0.205     5544.0     1138.0 
  114    no  5171670.8        6.6        0.0      345.6      4.872     1138.0     5544.0 
  115    no  5171776.3        4.3        0.0      346.9      2.437      467.0     1138.0 
  116    no  5171898.1        4.3        0.0      348.4      0.714      654.0      467.0 
  117    no  5172124.0        6.0        0.0      351.3      1.899      889.0     1688.0 
  118    no  5172214.0        6.0        0.0      352.4      0.527     1688.0      889.0 
  119    no       83.4        0.1        0.0      354.1      8.450      871.0     7360.0 
  120    no       20.6        0.1        6.2      355.8      0.077     7360.0      570.0 
  121    no  5172593.3        6.7        0.0      357.2      9.212      570.0     5251.0 
  122    no  5172690.3        4.6        0.0      358.4      0.109     5251.0      570.0 
  123    no  5172837.2        7.9        0.0      360.3      3.340      818.0     2732.0 
  124    no  5172917.2        7.0        0.0      361.3      0.299     2732.0      818.0 
  127    no       83.2       18.9       56.3      373.0      0.080    10066.0      809.0 
  128    no  5173909.7        9.7        0.0      373.8     12.443      809.0    10066.0 
  131    no  5174577.5       11.6        0.0      382.3      2.741     1186.0     3251.0 
  132    no  5174650.3       13.4        0.0      383.2      0.365     3251.0     1186.0 
  134    no  5174935.5        5.7        0.0      386.8      1.159      717.0      831.0 
  135    no  5175056.0        4.6        0.0      388.4      0.863      831.0      717.0 
  137    no  5175413.3       39.0        0.0      392.9      0.660     1572.0     1037.0 
  138    no  5175497.1        8.2        0.0      394.0      1.516     1037.0     1572.0 
  139    no       82.3        8.1        0.1      396.2      1.210      857.0     1037.0 
  143    no  5177474.6       20.4        0.0      419.3      4.466    12980.0    57968.0 
  144    no  5177534.6       46.6        0.0      420.0      0.224    57968.0    12980.0 
  145    no  5177623.3       61.9        0.0      421.2      0.813    71311.0    57968.0 
  148    no  5179905.2        2.3        0.0      450.5      0.465     1029.0      478.0 
  149    no  5179998.6        2.8        0.0      451.7      2.153      478.0     1029.0 
  151    no       82.1        0.1        0.0      468.7      4.936      485.0     2394.0 
  152    no  5181448.8        4.5        0.0      470.5      2.208     2394.0     5286.0 
  153    no  5181554.9        5.7        0.0      471.9      0.453     5286.0     2394.0 
  154    no  5181672.8        2.7        0.0      473.4      2.884     1833.0     5286.0 
  155    no       82.0        0.0        0.8      482.9      8.604     2372.0    20408.0 
  157    no  5183307.6       11.4        0.0      494.7      6.671     1541.0    10280.0 
  158    no  5183341.7       10.6        0.0      495.2      0.150    10280.0     1541.0 
  159    no       37.5        0.1        0.4      498.6      2.281     4506.0    10280.0 
  162    no  5184641.5       12.3        0.0      512.2      3.551     2043.0     7255.0 
  163    no  5184731.3       14.8        0.0      513.3      0.236     7255.0     1715.0 
  164    no  5184809.3        9.7        0.0      514.4      4.230     1715.0     7255.0 
  165    no  5184888.6        4.9        0.0      515.4      1.152     1489.0     1715.0 
  166    no  5184983.4        3.5        0.0      516.7      2.820      528.0     1489.0 
  167    no        3.3        0.3        0.2      525.6      0.550      909.0      500.0 
  168    no  5186093.5        3.7        0.0      531.2      2.120      500.0     1060.0 
  169    no  5186178.7        4.4        0.0      532.4      1.175     1060.0     1246.0 
  170    no  5186232.8        4.9        0.0      533.1      0.851     1246.0     1060.0 
  172    no       69.4        0.2      196.4      537.1    158.987      395.0    62800.0 
  173    no        0.1        0.0        2.4      541.3      0.570      693.0      395.0 
  174    no       81.3        2.4       45.3      545.4      9.228    25472.0   235052.0 
  176    no       81.3        3.8        0.0      549.4      9.643    24375.0   235052.0 
  178    no       64.9        0.1       10.1      567.6      1.157     4099.0     4743.0 
  179    no  5189012.0        5.1        0.0      569.9      0.177     4743.0      840.0 
  180    no  5189067.5        5.1        0.0      570.6      5.646      840.0     4743.0 
  183    no  5191457.7       16.3        0.0      602.5      0.602     1515.0      912.0 
  184    no  5191533.4       12.4        0.0      603.6      1.024      912.0      934.0 
  185    no  5191598.4        9.9        0.0      604.4      0.976      934.0      912.0 
  186    no       80.5        0.0        3.1      625.8      2.730     1224.0     3341.0 
  189    no  5193946.2       33.0        0.0      636.0      0.172    21642.0     3728.0 
  190    no  5194043.3       10.7        0.0      637.3      5.805     3728.0    21642.0 
  191    no  5194143.7        6.7        0.0      638.7      4.977      749.0     3728.0 
  192    no  5194246.4        6.5        0.0      640.1      0.760      985.0      749.0 
  194    no  5194637.4        7.0        0.0      645.4      1.578      498.0      786.0 
  195    no  5194684.2        5.8        0.0      646.0      0.634      786.0      498.0 
  196    no  5194823.8        6.1        0.0      647.9      0.389     7833.0     3045.0 
  197    no  5194936.4        6.2        0.0      649.4      2.572     3045.0     7833.0 
  198    no  5195275.9        5.0        0.0      654.0      1.211     1064.0     1288.0 
  199    no  5195344.4        5.3        0.0      655.0      0.826     1288.0     1064.0 
  200    no       14.5        3.2       62.3      658.2    305.352     1916.0   585055.0 
  202    no  5196444.8        4.2        0.0      669.9      0.262     2676.0      702.0 
  203    no  5196519.4        5.0        0.0      670.9      1.262      702.0      886.0 
  204    no  5196574.0        3.6        0.0      671.7      0.792      886.0      702.0 
  205    no  5196750.6        3.9        0.0      674.1      2.632      340.0      895.0 
  206    no       80.0        0.0        6.8      675.7      0.380      895.0      340.0 
  207    no  5197126.9        5.6        0.0      679.2     35.580      717.0    25511.0 
  209    no  5197467.5        5.0        0.0      683.9      2.755      547.0     1507.0 
  210    no  5197578.5        3.2        0.0      685.4      0.363     1507.0      547.0 
  211    no  5197690.4        4.5        0.0      686.9      0.686      716.0      491.0 
  212    no  5197727.1        4.6        0.0      687.4      1.458      491.0      716.0 
  213    no  5198164.4        4.1        0.0      693.4      0.649      610.0      396.0 
  214    no  5198221.9        3.9        0.0      694.2      1.540      396.0      610.0 
  215    no       79.7      612.6     1157.7      709.3      0.007   214917.0     1459.0 
  216    no       79.5        0.8        7.3      724.5    147.304     1459.0   214917.0 
  218    no  5202118.4        9.2        0.0      747.8      4.122     1440.0     5936.0 
  219    no  5202194.1        9.0        0.0      748.9      0.243     5936.0     1440.0 
  220    no       23.0        0.0        3.1      763.3      0.664     1350.0      897.0 
  221    no       79.1        0.3        9.2      769.0     32.541      897.0    29189.0 
  223    no  5204990.4        5.8        0.0      787.8     29.548     2586.0    76410.0 
  225    no  5205565.5        3.9        0.0      795.9     21.119     3618.0    76410.0 
  227    no       78.7        9.6       94.4      811.3      0.851    14751.0    12553.0 
  228    no       16.2        0.1        6.9      813.2      1.175    12553.0    14751.0 
  229    no  5207085.2        4.9        0.0      817.2      1.037     3118.0     3234.0 
  230    no  5207158.6        4.5        0.0      818.2      0.964     3234.0     3118.0 
  231    no       40.0        0.1       12.1      822.7      1.383     3036.0     4198.0 
  232    no       78.6        0.2        2.4      825.4      4.826     4198.0    20259.0 
  234    no  5208060.0        5.5        0.0      830.9      0.148     5327.0      790.0 
  235    no  5208138.3        5.0        0.0      832.0      6.743      790.0     5327.0 
  236    no       78.5        0.5        3.1      836.1      0.284     2777.0      790.0 
  238    no  5210185.6        3.4        0.0      861.0      2.024     2267.0     4588.0 
  239    no  5210251.9        3.6        0.0      861.9      0.494     4588.0     2267.0 
  240    no       18.9        0.4       12.6      865.3      0.172    26675.0     4588.0 
  242    no  5211577.3        3.3        0.0      880.8      0.940     1286.0     1209.0 
  243    no  5211653.8        3.8        0.0      881.9      1.064     1209.0     1286.0 
  244    no       43.4        8.5        2.4      891.8      0.903     4183.0     3778.0 
  245    no       68.3        0.9       22.1      896.6      1.107     3778.0     4183.0 
  247    no       29.1        0.1       45.0      908.1      9.069    32374.0   293586.0 
  248    no       43.5        1.9        4.1      911.9      0.702     1619.0     1136.0 
  249    no  5214009.7        nan        0.0        nan      0.538     1136.0      611.0 
