 # ID       Xpix           Wavelength          Intens       Line 
   14     1781.6        4474.07300000             1.0       ThII 
   17     1927.9        4478.40320000             1.0        ThI 
   49      896.1        4447.22960000             1.0        ThI 
   50      915.5        4447.83460000             1.0       ThII 
   51      949.2        4448.87920000             1.0       ArII 
   52      969.9        4449.52060000             1.0       ArII 
   53     1011.2        4450.80400000             1.0        ThI 
   54     1068.5        4452.56550000             1.0        ThI 
   56     1203.5        4456.70800000             1.0       ThII 
