 # ID       Xpix           Wavelength          Intens       Line 
    0       70.3        7647.37940000             1.0        ThI 
    1      134.7        7651.00060000             1.0        ThI 
    7      297.4        7660.02340000             1.0        ThI 
   13      594.6        7676.21950000             1.0       ThII 
   20      997.8        7697.92390000             1.0        ThI 
   26     1218.9        7709.55230000             1.0       ThII 
   27     1222.9        7709.89150000             1.0        ThI 
   33     1492.4        7723.76110000             1.0        ArI 
   34     1501.8        7724.20720000             1.0        ArI 
