 # ID       Xpix           Wavelength          Intens       Line 
    5       66.9        4962.06241206          8894.0        ThI 
    6        0.0        4962.12687793           810.0          ? 
    7        0.0        4962.35094040           635.0          ? 
    8        0.0        4962.47140639          4421.0        ThI 
    9       84.3        4962.70432251          1036.0          ? 
   10       95.5        4963.18840289         18591.0       ThII 
   12      123.9        4964.26039108         10996.0        ThI 
   14        0.0        4966.28035538           644.0          ? 
   17        0.0        4968.61903599          1790.0          ? 
   19        0.0        4969.52385657           569.0          ? 
   20        0.0        4969.90600103         10335.0       NoID 
   21        0.0        4970.02745376          9074.0       ThII 
   22        0.0        4970.07884011         62931.0        ThI 
   23        0.0        4970.22714570           477.0          ? 
   24        0.0        4970.33791127           371.0          ? 
   26      313.2        4971.18933503           266.0          ? 
   27      324.4        4971.55362324           720.0          ? 
   28      330.9        4971.69887564           385.0          ? 
   29        0.0        4972.61111924          2470.0          ? 
   30        0.0        4972.67151819          2074.0          ? 
   31        0.0        4972.75645662          7444.0        ThI 
   32        0.0        4973.38919649         10933.0       ThII 
   33        0.0        4973.42131396          5982.0          ? 
   34        0.0        4974.65870316           961.0          ? 
   35        0.0        4974.73865591           812.0          ? 
   36        0.0        4974.99384710           662.0          ? 
   38        0.0        4975.16332606           493.0          ? 
   39        0.0        4975.43136484           832.0          ? 
   40        0.0        4975.52379528          1918.0        ThI 
   41        0.0        4975.94860839          9361.0       ThII 
   42        0.0        4976.08870917          1446.0          ? 
   43        0.0        4976.16261353           595.0          ? 
   44        0.0        4976.40308663           746.0          ? 
   45        0.0        4976.47870453           519.0          ? 
   46        0.0        4976.59395391          5489.0       ThII 
   47        0.0        4976.70780365          1266.0          ? 
   48        0.0        4976.76937529           569.0          ? 
   49        0.0        4976.87486526           443.0          ? 
   51        0.0        4977.45282268           514.0          ? 
   52        0.0        4977.52408874          2761.0        ThI 
   55      523.8        4978.72093570          1335.0          ? 
   56      533.6        4978.98633617          1386.0          ? 
   57        0.0        4979.86510365          1036.0          ? 
   58        0.0        4979.97249911           415.0          ? 
   59        0.0        4980.03970025           578.0          ? 
   63        0.0        4981.62947577          2062.0          ? 
   64        0.0        4981.72455551           409.0          ? 
   65        0.0        4981.87443568          2701.0        ThI 
   66        0.0        4981.93382589           343.0          ? 
   68        0.0        4983.53143733          7231.0       NoID 
   69        0.0        4983.61661369          1287.0          ? 
   70      673.5        4984.10775517           468.0          ? 
   71      693.4        4984.66201487          1275.0          ? 
   74        0.0        4986.04812251           900.0          ? 
   75      738.9        4986.33541516          2260.0       ThII 
   76      753.8        4986.92347787          1314.0          ? 
   78        0.0        4987.29777440           821.0          ? 
   79        0.0        4987.41477030           665.0          ? 
   81      805.1        4988.62559151           863.0          ? 
   84      836.1        4989.74382232          1086.0          ? 
   85        0.0        4989.94781310         16372.0          ? 
   86        0.0        4990.02639922          4861.0          ? 
   87        0.0        4990.41603566           350.0          ? 
   88        0.0        4990.47219174           554.0          ? 
   89      861.7        4990.73808107          1046.0          ? 
   90        0.0        4991.14811009           536.0          ? 
   91        0.0        4991.20655456          5078.0        ThI 
   92      888.5        4991.59664888           725.0          ? 
   94      909.7        4992.37519596          2657.0        ThI 
   98        0.0        4994.89697372          2930.0          ? 
   99        0.0        4994.97785422          4312.0          ? 
  100        0.0        4995.08469282           867.0          ? 
  102        0.0        4995.59093627          1457.0          ? 
  103        0.0        4995.64959768          1795.0          ? 
  107     1042.8        4996.87048418          1147.0          ? 
  109        0.0        4997.56491060          2981.0        ThI 
  110        0.0        4997.66787224          4111.0       ThII 
  111        0.0        4999.04468428          2688.0        ThI 
  112        0.0        4999.10652885          2057.0       ThII 
  117        0.0        5000.73275259          5368.0       NoID 
  118        0.0        5000.82101913           783.0          ? 
  119        0.0        5000.88865615           880.0          ? 
  120        0.0        5001.07061779          1161.0          ? 
  121        0.0        5001.16723411           821.0          ? 
  122        0.0        5001.25152770          3674.0          ? 
  123     1173.0        5001.44261591          4127.0        ThI 
  126     1228.6        5003.25699263          1508.0          ? 
  127        0.0        5003.37671780          3734.0          ? 
  128        0.0        5003.50179356          1349.0          ? 
  130        0.0        5003.76743795          1409.0          ? 
  131        0.0        5003.85650127          9896.0        ThI 
  132     1247.8        5004.00170967         15697.0        ThI 
  134        0.0        5005.13274802          1696.0          ? 
  135        0.0        5005.22581828          2236.0       NoID 
  136        0.0        5005.33333870          2949.0        ThI 
  137     1293.0        5005.45250003          1150.0          ? 
  138     1296.1        5005.71493727           537.0          ? 
  140        0.0        5006.40832995          2417.0        ThI 
  141        0.0        5006.46030013           651.0          ? 
  142        0.0        5006.85358159          1596.0          ? 
  143        0.0        5006.96610868          1378.0       NoID 
  144     1354.7        5007.59431669           458.0          ? 
  145     1367.5        5008.04594263           277.0          ? 
  150        0.0        5009.93501446         12515.0        ThI 
  151        0.0        5009.96554135          4741.0          ? 
  153        0.0        5011.38828713           822.0          ? 
  155        0.0        5011.77426152           755.0          ? 
  156        0.0        5011.86412663           782.0          ? 
  157     1486.5        5012.06539213          1470.0          ? 
  158        0.0        5012.27455153          4064.0        ThI 
  159        0.0        5012.35376547           484.0          ? 
  160        0.0        5012.77939932          1431.0          ? 
  161        0.0        5012.84480893           649.0          ? 
  168        0.0        5015.88993240         39990.0       ThII 
  169        0.0        5015.98590088          5997.0       NoID 
  171     1648.5        5017.50887500         77753.0        ThI 
  173     1653.7        5017.75964033          8350.0        ThI 
  174     1661.5        5017.87637629          7194.0        ThI 
  176        0.0        5018.73744237          1818.0       NoID 
  177     1690.5        5018.88085725           575.0          ? 
  179     1721.7        5019.99915593          3985.0       NoID 
  181        0.0        5021.75657770          2278.0       ThII 
  182        0.0        5021.83884582           911.0          ? 
  183        0.0        5021.91052777          1931.0          ? 
  185        0.0        5022.07911194          3261.0        ThI 
  186     1786.6        5022.17378777         34284.0       NoID 
  189     1851.9        5024.31968124           459.0          ? 
  190     1868.0        5024.79357724          1760.0          ? 
  192        0.0        5026.08243256           414.0          ? 
  193        0.0        5026.15726866          2383.0        ThI 
  194        0.0        5026.23752433           558.0          ? 
  195        0.0        5026.95469864          9792.0        ThI 
  196        0.0        5027.02517090          2181.0        ThI 
  197        0.0        5027.12372070          1861.0          ? 
  198        0.0        5027.22769406           424.0          ? 
  199        0.0        5028.59771179         47241.0          ? 
  200     1984.3        5028.65390785        619809.0        ThI 
