 # ID       Xpix           Wavelength          Intens       Line 
    9       67.8        4317.22704394           655.0       ThII 
   10       71.0        4317.38864842          3388.0          ? 
   11       76.0        4317.53592167          1899.0          ? 
   12       84.3        4317.84144328          5151.0        ThI 
   13       92.9        4318.11996200           664.0          ? 
   14       98.9        4318.29403220          4748.0       ThII 
   15      102.9        4318.41560121         75970.0       ThII 
   16        0.0        4318.52427362          2111.0        ThI 
   17        0.0        4319.09813962          3626.0       ThII 
   18        0.0        4319.19291769          1487.0        ThI 
   19        0.0        4319.80691313          2518.0       NoID 
   20      156.2        4320.12637107         60621.0       ThII 
   21        0.0        4320.35273551          1230.0       NoID 
   22        0.0        4320.45091568          2227.0       ThII 
   23      174.2        4320.73883892         10577.0        ThI 
   24        0.0        4321.09720662          1851.0       NoID 
   25      189.4        4321.22412522           406.0        ThI 
   26      196.9        4321.43183757          2342.0       NoID 
   27      208.3        4321.72655502          1742.0        ThI 
   28      232.7        4322.57883775          1576.0          ? 
   29      237.9        4322.74035025          1357.0          ? 
   30      249.3        4323.04479514           532.0          ? 
   31        0.0        4323.57145955          1657.0       NoID 
   32        0.0        4323.63496284          1576.0        ThI 
   33      294.7        4324.44347809           896.0       NoID 
   34        0.0        4324.89984899          2835.0        ThI 
   35        0.0        4324.96335628           594.0          ? 
   36        0.0        4325.02015333          1769.0       NoID 
   37      317.7        4325.27420648         39475.0        ThI 
   38        0.0        4325.76182316         12504.0       NoID 
   39      336.2        4325.85982637         14733.0        ThI 
   40        0.0        4325.92437639           780.0          ? 
   41        0.0        4326.52110835          1633.0       NoID 
   42        0.0        4326.58273114           432.0          ? 
   43        0.0        4326.68392451          1563.0       NoID 
   44        0.0        4327.22999280         11422.0       ThII 
   45        0.0        4327.33721159          2193.0       ArII 
   46      394.9        4327.71509914         12337.0        ThI 
   47        0.0        4327.98292866          1649.0        ThI 
   48        0.0        4328.05243637           570.0       NoID 
   49        0.0        4328.13976538           512.0          ? 
   50        0.0        4328.22260858           561.0          ? 
   51        0.0        4328.28486620           524.0          ? 
   52      428.4        4328.68882889          3252.0       ThII 
   53      433.0        4328.91538327        281603.0        ThI 
   54        0.0        4329.10727677          1789.0       NoID 
   55      445.6        4329.22017106          1712.0       NoID 
   56        0.0        4329.43812770         19633.0       ArII 
   57        0.0        4329.49151465          7208.0       ThII 
   58      465.1        4329.91077431           433.0          ? 
   59        0.0        4330.21205702          6902.0        ThI 
   60        0.0        4330.26820224          1742.0       NoID 
   61      480.6        4330.41127459         17954.0        ThI 
   62      483.9        4330.56712557          1076.0        ThI 
   63      492.1        4330.68022880          4581.0          ? 
   64      494.5        4330.84406069         90260.0        ThI 
   65      516.4        4331.58198748          1345.0        ThI 
   66      532.4        4332.02979562        223182.0       ArII 
   67      542.3        4332.33905623         17834.0        ThI 
   68      572.5        4333.28484031          2855.0        ThI 
   69      593.6        4333.93687170          2944.0       ThII 
   70      619.9        4334.74498801           486.0          ? 
   71      625.9        4334.93258363           756.0       NoID 
   72      657.8        4335.99273260           830.0        ThI 
   73        0.0        4336.98825057          7897.0        ThI 
   74      694.5        4337.07080784        140086.0       ArII 
   76      712.9        4337.63845443          1474.0        ThI 
   77        0.0        4337.86690130           430.0       ThII 
   78        0.0        4337.96990718           593.0       NoID 
   80      732.0        4338.23043461          7527.0       ArII 
   81      740.1        4338.53856150           432.0          ? 
   83      757.9        4339.01357347           978.0       NoID 
   84        0.0        4339.37495835          4207.0        ThI 
   85        0.0        4339.45001759          1990.0       NoID 
   86        0.0        4339.78176827          1164.0       NoID 
   87        0.0        4339.87175958         11070.0        ThI 
   88        0.0        4339.92859562          1292.0        ThI 
   90      831.0        4341.33159831           713.0          ? 
   91      856.3        4342.04857457          3303.0        ThI 
   93      875.5        4342.67517663          7035.0        ThI 
   94      888.9        4342.97305622          1782.0        ThI 
   97        0.0        4343.60361123          3895.0       ThII 
   98        0.0        4343.67672698           772.0          ? 
   99        0.0        4343.74654860           844.0          ? 
  102        0.0        4345.63582625          9306.0        ThI 
  103        0.0        4345.70215979          5167.0        ThI 
  104        0.0        4345.85127353         23819.0        ThI 
  105        0.0        4345.89571183         12026.0       ArII 
  106        0.0        4347.19496480          1391.0       ThII 
  107        0.0        4347.24649923          1913.0       ThII 
  110        0.0        4349.34392904          1983.0        ThI 
  111        0.0        4349.42727810          3255.0       NoID 
  114     1131.2        4350.39169120          2036.0       NoID 
  115     1150.3        4351.01920998          2661.0        ThI 
  117        0.0        4352.68135437          4050.0          ? 
  119     1227.4        4353.20681502          2465.0       NoID 
  120        0.0        4353.31458664          4883.0        ThI 
  121        0.0        4353.39101552          4064.0          ? 
  129     1359.2        4357.25020339          2384.0          ? 
  131        0.0        4357.77213596           837.0       NoID 
  132        0.0        4357.85308364          2421.0       NoID 
  133     1383.7        4357.97436471          1387.0        ThI 
  134     1390.3        4358.08073070          2728.0        ThI 
  136        0.0        4359.28556145          1343.0          ? 
  138     1437.6        4359.55613620          2694.0       NoID 
  140     1465.2        4360.37143251           476.0          ? 
  141        0.0        4360.68434411          1244.0          ? 
  142        0.0        4360.71826618          4614.0        ThI 
  143        0.0        4361.30713412          9485.0       ThII 
  144        0.0        4361.35572632          1228.0          ? 
  145        0.0        4361.59353870           759.0       NoID 
  146        0.0        4361.68194342           856.0          ? 
  147     1516.7        4361.79598839          1454.0       ThII 
  150        0.0        4362.55791174           618.0          ? 
  151        0.0        4362.72138370          2000.0        ThI 
  152        0.0        4362.78971670          4716.0       NoID 
  153     1558.5        4363.12499641           837.0       NoID 
  154        0.0        4363.43055894          2503.0        ThI 
  155        0.0        4363.49955177          1130.0        ThI 
  157        0.0        4364.01596778          2102.0          ? 
  158        0.0        4364.04091821          4823.0        ThI 
  159        0.0        4364.38299712           640.0          ? 
  160        0.0        4364.46281110          2218.0        ThI 
  161        0.0        4364.50844709          2413.0        ThI 
  162        0.0        4364.94342854           541.0          ? 
  163        0.0        4365.01995738          3258.0        ThI 
  165     1661.8        4366.12543025          4054.0        ThI 
  166     1689.3        4366.80886727           947.0        ThI 
  167        0.0        4367.19004088          1048.0        ThI 
  168     1705.7        4367.28610358         22756.0        ThI 
  170        0.0        4368.27080825           277.0          ? 
  171        0.0        4368.35316656          1104.0        ThI 
  172     1764.5        4368.99282309          2750.0        ThI 
  173        0.0        4369.28275073         13631.0          ? 
  174        0.0        4369.30850995          7642.0          ? 
  175        0.0        4369.40736791          1726.0        ThI 
  176        0.0        4369.49471791         31319.0        ThI 
  177        0.0        4369.55878204          6422.0       NoID 
  178        0.0        4369.60498387          5591.0        ThI 
  180     1810.0        4370.38018970          3254.0          ? 
  181     1838.7        4371.14006457          7538.0        ThI 
  183        0.0        4372.17132695           336.0          ? 
  185        0.0        4372.57652423           271.0          ? 
  186        0.0        4372.64879219          1578.0        ThI 
  187        0.0        4372.95944037           478.0          ? 
  188     1903.0        4373.03910539         14696.0       NoID 
  189        0.0        4373.14229521          4857.0       NoID 
  190        0.0        4373.20800290          3352.0        ThI 
  191        0.0        4373.47134354           610.0          ? 
  192        0.0        4373.52266503          1102.0          ? 
  193     1938.4        4374.01226707         48162.0        ThI 
  194        0.0        4374.71113399          4991.0       NoID 
  195     1964.2        4374.78522547         73421.0       ThII 
  196        0.0        4374.85948292         64521.0          ? 
  197        0.0        4375.02995801          3943.0       ThII 
  198        0.0        4375.08337294          6377.0       NoID 
  199     1979.7        4375.40123822           835.0        ThI 
