 # ID       Xpix           Wavelength          Intens       Line 
    8        0.0        5773.94529292        273685.0        ThI 
    9        0.0        5774.00327440         36886.0          ? 
   10      101.5        5774.71401917          4170.0          ? 
   11        0.0        5774.98245432          2140.0          ? 
   12        0.0        5775.07543743          1400.0          ? 
   13        0.0        5775.30791321           432.0          ? 
   14        0.0        5775.50620714           404.0          ? 
   15      122.6        5775.61614371          5109.0          ? 
   17      139.2        5776.37881058          2076.0          ? 
   20        0.0        5777.84926201          2008.0          ? 
   21        0.0        5777.95245139           678.0          ? 
   22        0.0        5779.14691968           551.0          ? 
   23        0.0        5779.26582785           965.0          ? 
   24        0.0        5779.40882058          6327.0          ? 
   25        0.0        5779.74992328          2224.0          ? 
   27        0.0        5780.15635449           831.0          ? 
   28        0.0        5780.29165228           455.0          ? 
   29        0.0        5780.43625057           544.0          ? 
   30        0.0        5781.48093695          5270.0          ? 
   31        0.0        5781.57600750          4786.0        ThI 
   32        0.0        5781.65835146         29632.0        ThI 
   33        0.0        5781.76887388          1090.0          ? 
   34        0.0        5781.98329848           384.0          ? 
   35        0.0        5782.04276757           877.0          ? 
   36        0.0        5782.24263207         18753.0        ThI 
   37        0.0        5782.31323217         59481.0        ThI 
   38        0.0        5783.20785871          3695.0          ? 
   39        0.0        5783.33966043          1225.0          ? 
   40        0.0        5783.42315508           471.0          ? 
   42      316.5        5783.83912774          1646.0          ? 
   43      323.7        5784.21584490           882.0          ? 
   44      327.7        5784.38462273           664.0          ? 
   45      336.1        5784.54221555          1161.0          ? 
   46        0.0        5784.86649874          7518.0       ThII 
   47        0.0        5784.92377041          2227.0          ? 
   48      347.4        5785.12234526          2542.0          ? 
   49      365.3        5785.86574427          1198.0          ? 
   51        0.0        5786.66454046          2418.0          ? 
   52        0.0        5786.78427841          1568.0          ? 
   53      422.7        5788.35271258           418.0          ? 
   54        0.0        5788.53530170          2042.0          ? 
   55        0.0        5788.57170796          2683.0          ? 
   56        0.0        5789.37509691          2346.0          ? 
   57        0.0        5789.47534707         22307.0        ArI 
   59      458.9        5789.86058495          1722.0          ? 
   61        0.0        5790.60477775           890.0          ? 
   62        0.0        5790.71185408           689.0          ? 
   65        0.0        5795.95653415          2195.0          ? 
   67        0.0        5796.41847450         15544.0       ThII 
   68        0.0        5796.52063915          5621.0          ? 
   69      636.3        5797.01443496          1124.0          ? 
   72      676.5        5798.76471742          3760.0          ? 
   75      746.1        5801.56620147          2408.0          ? 
   76      753.9        5801.81410810          1347.0          ? 
   78      764.1        5802.38706072          7396.0          ? 
   79        0.0        5802.84786636         10907.0        ThI 
   80        0.0        5802.93024131          2248.0          ? 
   81        0.0        5803.21465517          1810.0          ? 
   83        0.0        5806.19842639          9406.0        ThI 
   84        0.0        5806.27983360          8978.0       ThII 
   85      869.5        5806.58720031          3193.0          ? 
   86        0.0        5807.60598457          2364.0          ? 
   90      927.6        5808.98012970           499.0          ? 
   93      955.8        5809.99218875          1185.0          ? 
   95        0.0        5812.59542981          1903.0          ? 
   96        0.0        5812.69792937          5360.0          ? 
   97        0.0        5812.75940991         21738.0       ArII 
   98        0.0        5812.85846739          2696.0          ? 
  100     1030.4        5813.17629530          3618.0          ? 
  101     1052.2        5813.93391747           459.0          ? 
  102     1056.4        5814.09467443           944.0          ? 
  105        0.0        5816.18179066          1423.0          ? 
  106        0.0        5816.29101041          1489.0       ArII 
  107        0.0        5816.92943749           271.0          ? 
  108        0.0        5816.99552780          2322.0          ? 
  109        0.0        5817.22485440           981.0          ? 
  110        0.0        5817.31667781          4151.0          ? 
  111        0.0        5817.73398909         11600.0       ThII 
  112        0.0        5817.85307020          1273.0          ? 
  113        0.0        5817.99894415           660.0          ? 
  115     1167.0        5818.62401980           782.0          ? 
  116     1174.3        5818.80056853           767.0          ? 
  117        0.0        5819.01940394           824.0          ? 
  119        0.0        5819.29937298          2501.0          ? 
  120        0.0        5819.35408833          1247.0          ? 
  123        0.0        5820.07616201          7840.0        ThI 
  124        0.0        5820.16883120          7894.0          ? 
  125        0.0        5820.29765771           535.0          ? 
  127     1224.8        5820.81592695          1885.0          ? 
  128        0.0        5821.68009758           376.0          ? 
  129        0.0        5821.78660606           642.0          ? 
  130        0.0        5822.04724228          3472.0          ? 
  131        0.0        5822.13039701         10198.0       ArII 
  134        0.0        5824.88665605         16723.0        ThI 
  135        0.0        5825.00260201         10477.0        ThI 
  136        0.0        5825.14235359           893.0          ? 
  137     1340.8        5825.33401327           669.0          ? 
  138     1344.7        5825.47046674          1625.0          ? 
  140        0.0        5826.27299186         16809.0        ThI 
  141        0.0        5826.34935042         21341.0        ThI 
  142        0.0        5826.68459966           576.0          ? 
  143        0.0        5826.76995780           628.0          ? 
  144     1389.5        5827.34997350          1539.0          ? 
  149        0.0        5829.80191300          1877.0          ? 
  150        0.0        5829.85986948          9049.0       NoID 
  151        0.0        5830.04074605           774.0          ? 
  152        0.0        5830.14396641           676.0          ? 
  154     1494.0        5831.45210615           811.0          ? 
  155        0.0        5831.67664403          1939.0          ? 
  156        0.0        5831.75129304          1118.0          ? 
  157        0.0        5831.91890016          1680.0          ? 
  158        0.0        5832.04069755          1055.0          ? 
  159        0.0        5832.24335629           930.0          ? 
  162        0.0        5834.82601775           618.0          ? 
  163        0.0        5834.92751358           282.0          ? 
  164        0.0        5835.16721340          1895.0          ? 
  165        0.0        5835.27855258           427.0          ? 
  167        0.0        5836.55425100           862.0          ? 
  168        0.0        5836.67833977           681.0          ? 
  173     1673.7        5838.31184537           684.0          ? 
  174        0.0        5838.45275464           660.0          ? 
  175        0.0        5838.54519689           586.0          ? 
  176        0.0        5838.87946838          1248.0          ? 
  178        0.0        5839.49029682         41091.0       NoID 
  179        0.0        5839.58999612         56510.0        ThI 
  182     1744.0        5840.99836700           882.0          ? 
  183        0.0        5841.13270803          3744.0          ? 
  184        0.0        5841.20217343          1724.0          ? 
  185        0.0        5841.29769385          1072.0          ? 
  186        0.0        5841.42093585          1913.0          ? 
  187     1761.1        5841.75837749          1132.0          ? 
  191     1789.2        5842.84403278          1932.0          ? 
  192     1796.4        5843.01086910          1188.0          ? 
  193     1804.9        5843.51457122          1721.0          ? 
  194        0.0        5843.77357787          4419.0          ? 
  196        0.0        5843.99428077          1485.0          ? 
  198        0.0        5844.88468234           954.0          ? 
  199        0.0        5845.30775504           783.0          ? 
  200        0.0        5845.41419554           619.0          ? 
  201        0.0        5845.53262583           890.0          ? 
  205        0.0        5847.84447475          1709.0          ? 
  206        0.0        5847.95702661           810.0          ? 
  207     1954.4        5849.21845582          2520.0          ? 
  208     1968.8        5849.76737882          2024.0          ? 
  209        0.0        5850.25881122          1038.0          ? 
  210        0.0        5850.37645572          1687.0          ? 
