   ID    ok   Diff(mA)       chi2        SNR     Diff/R      I1/I0         I0         I1 
    3    no       33.7        0.0        8.4        6.9      0.541     5148.0     2784.0 
    4    no       18.4        2.6        2.6        9.2      1.849     2784.0     5148.0 
    5    no  6085256.2      882.2        0.0       20.2     10.671    42636.0   454967.0 
    6    no        3.9       25.4      562.7       21.4      0.094   454967.0    42636.0 
    7    no       35.0        0.3       27.5       26.3      0.097    42490.0     4136.0 
    8    no  6085956.7      136.3        0.0       27.1     10.273     4136.0    42490.0 
   14    no        8.7        0.1        1.9       58.0      3.686     1929.0     7111.0 
   15    no        5.5        0.0        4.0       64.9      2.138     2523.0     5393.0 
   19    no      102.2        0.2       15.3       76.2     33.742     6026.0   203328.0 
   20    no  6093021.4       69.8        0.0       96.7      2.053     3795.0     7790.0 
   22    no        2.0        0.0        3.6      118.7      3.074     2534.0     7790.0 
   23    no       35.8        0.1        3.2      120.8      1.151     2202.0     2534.0 
   24    no  6095988.7       46.3        0.0      126.4      2.028     1086.0     2202.0 
   25    no  6097193.2      158.3        0.0      138.5      0.150    11450.0     1722.0 
   26    no  6097286.6      119.7        0.0      139.5      6.649     1722.0    11450.0 
   27    no  6097411.5       78.9        0.0      140.7      0.725     2376.0     1722.0 
   29    no       73.4       92.0        3.0      144.8      0.629     6142.0     3865.0 
   31    no      100.1        0.2       11.9      149.9     27.571     3569.0    98402.0 
   36    no      100.6      125.5       49.9      181.0      0.970     2066.0     2004.0 
   37    no      100.6        5.7        0.0      182.8    222.679     2004.0   446249.0 
   39    no      100.5        1.9       34.8      186.5     69.585     6413.0   446249.0 
   41    no  6102719.1      702.1        0.0      194.7     27.816    26237.0   729811.0 
   42    no  6103538.8      692.3        0.0      203.1      0.261   116573.0    30469.0 
   43    no  6103640.3      584.2        0.0      204.2      3.826    30469.0   116573.0 
   44    no  6104020.1       47.1        0.0      208.1      0.502     3042.0     1527.0 
   45    no  6104166.3       48.8        0.0      209.6      1.992     1527.0     3042.0 
   46    no       92.9       53.6        1.2      217.7    454.559     1468.0   667292.0 
   50    no  6106920.5      145.6        0.0      238.1     10.385     2835.0    29442.0 
   52    no  6108280.3      127.8        0.0      252.2      0.189    18993.0     3582.0 
   53    no  6108398.0      120.7        0.0      253.4      0.379     3582.0     1358.0 
   54    no  6108485.8       76.1        0.0      254.3      2.638     1358.0     3582.0 
   55    no  6109150.9      126.7        0.0      261.3      0.564    11399.0     6427.0 
   56    no  6109213.9      110.7        0.0      261.9      1.774     6427.0    11399.0 
   57    no  6109643.1       44.7        0.0      266.4      2.368     1012.0     2396.0 
   58    no  6109709.3       46.8        0.0      267.1      0.422     2396.0     1012.0 
   59    no  6110666.9       31.4        0.0      277.2      2.873      834.0     2396.0 
   61    no        2.7       11.5      886.2      300.0      0.302   279067.0    84286.0 
   65    no  6118050.5       31.0        0.0      355.4      0.283     2846.0      806.0 
   66    no  6118144.6       28.9        0.0      356.4      3.531      806.0     2846.0 
   67    no       98.1        0.3        1.2      358.8      2.357      342.0      806.0 
   68    no  6119665.9      675.7        0.0      372.8      1.138    77659.0    88341.0 
   69    no  6119703.2      697.4        0.0      373.2      0.879    88341.0    77659.0 
   71    no  6120252.8       54.4        0.0      379.1      1.891     3192.0     6036.0 
   72    no  6120352.3       58.3        0.0      380.2      0.529     6036.0     3192.0 
   74    no       21.2        3.2       16.3      385.0      7.468     9500.0    70947.0 
   75    no       97.5        1.7       25.1      400.3      0.057    72495.0     4114.0 
   76    no  6122353.2      218.3        0.0      401.8     17.622     4114.0    72495.0 
   77    no  6122492.0      172.9        0.0      403.3      0.972     3840.0     3733.0 
   78    no  6122624.3      164.3        0.0      404.8      0.967     3733.0     3611.0 
   79    no  6122747.4      154.9        0.0      406.1      1.034     3611.0     3733.0 
   80    no       83.6        7.9        3.3      407.7      1.098     3289.0     3611.0 
   81    no       97.3       15.5        0.1      409.3      1.076     3058.0     3289.0 
   82    no       97.4      334.2       82.3      411.0      0.771     3966.0     3058.0 
   84    no       97.4       52.7        0.0      414.5     44.496     2256.0   100384.0 
   85    no  6123710.6      278.3        0.0      416.5     47.428     2477.0   117480.0 
   87    no        3.5       56.3        8.5      420.5      0.042    34424.0     1453.0 
   88    no       97.2       91.3        0.0      422.8    329.369     1453.0   478573.0 
   90    no  6124587.0      726.8        0.0      426.1      0.270     4087.0     1102.0 
   91    no  6124687.8       92.3        0.0      427.2      3.709     1102.0     4087.0 
   92    no  6125608.7       97.0        0.0      437.2     14.935     1202.0    17952.0 
   94    no       20.5        0.5        6.4      442.3      0.808    22207.0    17952.0 
   95    no  6126662.1       39.7        0.0      448.8     17.625     1260.0    22207.0 
   97    no  6128138.3       74.8        0.0      465.0      5.837     5110.0    29828.0 
   98    no  6128337.2      228.4        0.0      467.2      0.845    29828.0    25215.0 
   99    no  6128442.9      229.8        0.0      468.4      1.183    25215.0    29828.0 
  100    no       19.2        0.0       53.1      471.4      0.312    80855.0    25215.0 
  102    no  6129317.5       63.0        0.0      478.0      0.716     2609.0     1869.0 
  103    no  6129411.0      161.4        0.0      479.1      8.120     1869.0    15176.0 
  104    no  6129490.0      298.2        0.0      479.9      2.559    15176.0    38837.0 
  105    no  6129547.4      316.5        0.0      480.6      0.391    38837.0    15176.0 
  106    no  6129694.7       96.6        0.0      482.2      2.492     1422.0     3544.0 
  107    no  6129768.7       87.8        0.0      483.0      0.401     3544.0     1422.0 
  110    no  6130756.4       78.3        0.0      494.0      0.806     5038.0     4063.0 
  111    no  6130840.2       98.8        0.0      494.9      1.240     4063.0     5038.0 
  113    no       96.3      102.1        5.3      501.0      5.358      758.0     4061.0 
  114    no  6131590.2      106.0        0.0      503.2      1.422     4147.0     5896.0 
  115    no  6131666.5       98.3        0.0      504.0      0.703     5896.0     4147.0 
  116    no  6131751.0       44.4        0.0      505.0      5.246     1124.0     5896.0 
  117    no       96.1       59.7        8.6      510.2      2.108     1912.0     4030.0 
  118    no  6132369.0       97.9        0.0      511.9      0.615     4030.0     2479.0 
  119    no  6132417.1       91.1        0.0      512.4      1.626     2479.0     4030.0 
  120    no  6132770.9      188.7        0.0      516.3      7.514     4407.0    33112.0 
  121    no  6132861.8      234.6        0.0      517.4      0.133    33112.0     4407.0 
  122    no        3.7       12.0       74.2      519.5      0.072    60863.0     4405.0 
  123    no  6133178.1      199.1        0.0      520.9      0.380     4405.0     1674.0 
  124    no  6133269.4       85.1        0.0      521.9      2.631     1674.0     4405.0 
  125    no  6133593.5       92.6        0.0      525.5      0.166     4599.0      762.0 
  126    no  6133669.5       99.4        0.0      526.4      6.035      762.0     4599.0 
  129    no  6134448.3      129.0        0.0      535.1      0.924     4223.0     3903.0 
  130    no  6134551.0      102.4        0.0      536.2      1.082     3903.0     4223.0 
  131    no       95.7       48.2        0.0      543.0      3.437     1206.0     4145.0 
  136    no       95.5        2.9        0.0      563.9      1.122     3316.0     3722.0 
  143    no  6140598.1       73.7        0.0      604.5      1.854     1800.0     3337.0 
  144    no  6140699.0      127.1        0.0      605.6      3.757     3337.0    12536.0 
  145    no  6140765.2      129.0        0.0      606.4      0.266    12536.0     3337.0 
  146    no  6140884.1       58.5        0.0      607.7      0.159     6041.0      958.0 
  147    no  6140983.5       36.2        0.0      608.9      6.306      958.0     6041.0 
  149    no  6141633.9       52.2        0.0      616.3      5.152     1233.0     6353.0 
  150    no  6141756.9      113.7        0.0      617.7      0.194     6353.0     1233.0 
  153    no        7.8        4.1        2.7      627.4      0.703     3504.0     2463.0 
  156    no  6144278.3       30.4        0.0      646.5      0.416     1640.0      683.0 
  157    no  6144407.3       25.2        0.0      648.0      2.401      683.0     1640.0 
  158    no       94.5       83.5       53.6      649.8      0.352     1941.0      683.0 
  160    no       94.4       10.8       70.1      658.1     39.007    20776.0   810409.0 
  162    no  6147467.2      128.5        0.0      683.3      0.925     1698.0     1571.0 
  163    no  6147602.6      137.5        0.0      684.9      1.081     1571.0     1698.0 
  164    no  6147742.5       77.1        0.0      686.5      1.052     1217.0     1280.0 
  165    no  6147876.9       86.1        0.0      688.0      3.400     1280.0     4352.0 
  166    no  6147955.0      154.5        0.0      688.9      0.294     4352.0     1280.0 
  167    no  6148068.6      299.5        0.0      690.2      0.748     6910.0     5168.0 
  168    no  6148180.0      307.5        0.0      691.5      0.301     5168.0     1556.0 
  169    no  6148260.7      228.9        0.0      692.5      3.321     1556.0     5168.0 
  170    no  6148354.7      181.3        0.0      693.5      0.318     4896.0     1556.0 
  171    no  6148472.8      140.4        0.0      694.9      1.195     1576.0     1884.0 
  172    no  6148551.4      132.6        0.0      695.8      0.837     1884.0     1576.0 
  173    no  6148675.0      128.9        0.0      697.3      0.981     2072.0     2032.0 
  174    no  6148788.2      157.7        0.0      698.6      1.016     2032.0     2064.0 
  175    no  6148886.8      138.9        0.0      699.7      0.984     2064.0     2032.0 
  177    no       46.8        0.5       15.5      730.3    148.056     8915.0  1319919.0 
  178    no        5.8       11.6     3396.1      735.9      0.007  1319919.0     8915.0 
  180    no  6153321.4       85.8        0.0      751.5      0.792     2121.0     1679.0 
  181    no  6153436.1      120.6        0.0      752.8      1.167     1679.0     1960.0 
  182    no  6153531.6       76.9        0.0      753.9      0.857     1960.0     1679.0 
  183    no       11.7      416.3        6.9      756.6      0.670     2926.0     1960.0 
  185    no  6154415.2      392.3        0.0      764.3     27.934     5266.0   147100.0 
  188    no  6155471.8      803.8        0.0      776.7     10.391    41353.0   429680.0 
  191    no  6156104.4       89.9        0.0      784.2      0.489     5838.0     2857.0 
  192    no  6156227.3      121.9        0.0      785.7      2.043     2857.0     5838.0 
  193    no       92.9       12.8        0.0      788.1      1.773     1955.0     3467.0 
  194    no  6156615.0       74.5        0.0      790.2      0.572     3467.0     1984.0 
  195    no  6156752.1       71.4        0.0      791.9      1.747     1984.0     3467.0 
  197    no  6157411.9      108.6        0.0      799.7      0.156     3678.0      575.0 
  198    no  6157537.1       51.5        0.0      801.1      6.397      575.0     3678.0 
  199    no  6158112.9       77.7        0.0      808.0      1.608     1363.0     2192.0 
  200    no  6158212.5       90.1        0.0      809.1      0.347     2192.0      760.0 
  201    no  6158306.8       75.6        0.0      810.3      0.366      760.0      278.0 
  202    no  6158390.9       75.5        0.0      811.3      2.734      278.0      760.0 
  203    no  6158479.6       73.9        0.0      812.3      0.207     1343.0      278.0 
  204    no  6158627.9       65.7        0.0      814.1      0.360     2280.0      821.0 
  205    no  6158751.3       63.3        0.0      815.5      1.778      821.0     1460.0 
  206    no  6158851.5       61.7        0.0      816.7      0.562     1460.0      821.0 
  207    no       18.3        0.1       11.1      819.2      0.603     2676.0     1613.0 
  208    no       18.3        0.1       10.7      821.1      1.659     1613.0     2676.0 
  209    no  6159484.8       59.3        0.0      824.3      0.832     2336.0     1944.0 
  210    no  6159617.0       72.9        0.0      825.8      0.791     1944.0     1537.0 
  211    no  6159656.9       67.0        0.0      826.3      1.265     1537.0     1944.0 
  213    no  6161649.0       86.5        0.0      850.1      5.829     1461.0     8516.0 
  214    no  6161762.0      100.3        0.0      851.4      0.172     8516.0     1461.0 
  216    no  6162851.3      104.6        0.0      864.5      6.406     3744.0    23985.0 
  217    no  6162970.0      170.3        0.0      865.9      0.156    23985.0     3744.0 
  220    no       91.9        1.3        0.0      877.1      6.944     2517.0    17479.0 
  221    no  6165123.2        nan        0.0        nan      0.016    95976.0     1551.0 
