   ID    ok   Diff(mA)       chi2        SNR     Diff/R      I1/I0         I0         I1 
    0    no       14.0        0.2      229.6       12.8      1.000        1.0        1.0 
    1    no        7.6       15.6     4577.1        0.0      1.000        1.0        1.0 
    3    no       17.5        0.0       75.5       24.8      1.000        1.0        1.0 
    4    no       21.8        0.7      140.1       30.3      1.000        1.0        1.0 
   11    no       67.6     2893.5   118364.6      215.4      1.000        1.0        1.0 
   12    no        5.8       59.4    14827.1      275.9      1.000        1.0        1.0 
   14    no        4.9       47.4    10962.4      352.3      1.000        1.0        1.0 
   16    no        4.0       49.0    16001.2      378.3      1.000        1.0        1.0 
   20    no        4.9       16.9     4692.4      485.2      1.000        1.0        1.0 
