   ID    ok   Diff(mA)       chi2        SNR     Diff/R      I1/I0         I0         I1 
    6    no       71.1      209.3     1747.3       21.8      0.084   244936.0    20690.0 
    7    no       64.0      339.0      198.9       38.6      0.099    13038.0     1291.0 
    8    no       41.7      350.7      814.0       42.6      8.491     1291.0    10962.0 
    9    no  4099455.8       85.1        0.0       46.0      1.139    10962.0    12489.0 
   10    no  4099552.2       47.0        0.0       47.4      0.878    12489.0    10962.0 
   11    no       61.1       93.6      134.2       49.2      4.393     2843.0    12489.0 
   12    no       62.2      470.4     1332.6       53.7      0.747     3808.0     2843.0 
   13    no       34.8      848.4   126753.0       58.7      0.006   605291.0     3808.0 
   14    no       70.6     1547.1       65.7       66.9      0.122    10466.0     1272.0 
   15    no  4101238.3       36.6        0.0       71.5      0.638     1272.0      811.0 
   16    no  4101323.5       23.6        0.0       72.7      1.568      811.0     1272.0 
   17    no       70.5       41.3       15.6       76.0      1.423      570.0      811.0 
   18    no  4102295.2       10.8        0.0       86.7     22.113     1977.0    43718.0 
   19    no       70.3        4.4      216.8       91.4      0.133    43718.0     5793.0 
   20    no  4102819.2       17.3        0.0       94.3      0.128     5793.0      743.0 
   21    no  4103014.6        7.7        0.0       97.2      1.198      743.0      890.0 
   22    no  4103109.8       10.7        0.0       98.5      0.835      890.0      743.0 
   23    no  4103205.2       23.4        0.0       99.9      4.854      363.0     1762.0 
   24    no  4103261.9       17.5        0.0      100.7      0.206     1762.0      363.0 
   25    no  4103405.8       13.0        0.0      102.8      3.525      863.0     3042.0 
   26    no  4103460.0       12.4        0.0      103.6      0.284     3042.0      863.0 
   27    no  4103832.5     5179.3        0.0      109.0      2.212   253450.0   560599.0 
   28    no  4103912.1     2554.8        0.0      110.2      0.452   560599.0   253450.0 
   29    no       64.1        1.0      141.1      117.0      1.365    10536.0    14386.0 
   30    no       66.1        0.7       60.4      123.7      0.045    14386.0      654.0 
   31    no  4104915.6       10.3        0.0      124.9     21.997      654.0    14386.0 
   32    no  4105478.0       21.7        0.0      133.1      0.708     2771.0     1961.0 
   33    no  4105572.5       12.3        0.0      134.5      1.244     1961.0     2440.0 
   34    no  4105652.0        5.2        0.0      135.7      0.804     2440.0     1961.0 
   35    no       58.7       13.2        0.0      141.3      0.702     2828.0     1984.0 
   36    no       69.6        7.7        4.3      145.9      1.425     1984.0     2828.0 
   37    no       56.1        8.4      185.1      156.3      0.288    41591.0    11986.0 
   38    no  4107286.3       54.4        0.0      159.8      0.214    11986.0     2566.0 
   39    no  4107371.7       23.8        0.0      161.0      4.671     2566.0    11986.0 
   40    no  4107790.3      118.1        0.0      167.2     12.894     2102.0    27104.0 
   41    no       53.5        0.5      150.8      168.3      0.078    27104.0     2102.0 
   42    no       62.2     7442.2        6.4      173.1    105.550     1045.0   110300.0 
   43    no       44.2        3.3     1483.7      176.6      0.007   110300.0      811.0 
   44    no  4108521.1       28.0        0.0      178.1    136.005      811.0   110300.0 
   45    no       42.2        0.8      336.4      190.1      0.019    63418.0     1201.0 
   46    no       69.0        0.5        6.5      192.3     52.804     1201.0    63418.0 
   47    no       38.9        0.1        7.6      196.1      0.707     1698.0     1201.0 
   48    no  4110076.3       16.0        0.0      201.4      1.218      702.0      855.0 
   49    no  4110170.6       11.9        0.0      202.8      0.753      855.0      644.0 
   50    no  4110220.5       10.0        0.0      203.5      1.328      644.0      855.0 
   51    no  4110513.4       59.5        0.0      207.9      0.174     3333.0      581.0 
   52    no  4110563.0       94.4        0.0      208.7      5.737      581.0     3333.0 
   53    no       68.8      315.3      155.9      209.8      0.050    11722.0      581.0 
   54    no       31.6        1.0      325.0      212.7      0.086    54594.0     4677.0 
   55    no  4110872.1      142.3        0.0      213.3     11.673     4677.0    54594.0 
   56    no  4110971.4       13.0        0.0      214.8     12.085      387.0     4677.0 
   57    no  4111087.3       17.1        0.0      216.6      2.334      628.0     1466.0 
   58    no  4111134.7       14.7        0.0      217.3      0.428     1466.0      628.0 
   59    no       68.7        0.1        4.9      224.6      0.606     2421.0     1466.0 
   60    no  4112106.0       15.0        0.0      232.0      0.496     2813.0     1394.0 
   61    no  4112202.4       16.3        0.0      233.5      2.018     1394.0     2813.0 
   62    no  4112317.7       28.5        0.0      235.2      1.403     1683.0     2361.0 
   63    no  4112388.0       16.2        0.0      236.3      0.713     2361.0     1683.0 
   64    no       35.4        0.0        7.4      247.0      0.497     1329.0      661.0 
   65    no  4113508.8       37.2        0.0      253.3      3.838      661.0     2537.0 
   66    no  4113558.0       35.1        0.0      254.1      0.261     2537.0      661.0 
   67    no       68.3        1.9        0.0      257.1      4.884      516.0     2520.0 
   68    no       14.0        0.1        7.2      258.9      0.205     2520.0      516.0 
   69    no  4114060.2        8.0        0.0      261.7      3.134      804.0     2520.0 
   70    no       24.4        0.1       16.9      268.3      0.325     2476.0      804.0 
   71    no       68.0        1.2       38.7      286.2    174.074      811.0   141174.0 
   72    no       23.1        1.2      832.6      287.8      0.006   141174.0      811.0 
   73    no       26.3        0.0       60.2      297.3     18.069     6808.0   123014.0 
   74    no       20.6        4.4     1744.6      302.6      0.055   123014.0     6808.0 
   75    no       67.6        0.3        0.0      326.1      2.777      743.0     2063.0 
   76    no  4118326.8       19.8        0.0      327.7      0.360     2063.0      743.0 
   77    no       14.1        0.2       52.8      330.2      0.176    11713.0     2063.0 
   78    no       50.8        0.6        0.4      334.6      8.996     1302.0    11713.0 
   79    no  4119396.4       25.0        0.0      344.4      1.878      898.0     1686.0 
   80    no  4119475.3       24.4        0.0      345.6      0.533     1686.0      898.0 
   81    no  4120362.2       17.1        0.0      359.5      1.224     2269.0     2778.0 
   82    no  4120409.6       16.8        0.0      360.3      0.817     2778.0     2269.0 
   83    no       12.5        0.0       11.4      383.1      0.424     1316.0      558.0 
   84    no       66.9       86.7       51.6      393.6      2.957      558.0     1650.0 
   86    no  4123530.2      107.2        0.0      409.7      2.419     7234.0    17496.0 
   87    no  4123601.3      111.0        0.0      410.9      0.413    17496.0     7234.0 
   90    no  4124108.7       30.1        0.0      419.0     17.543      867.0    15210.0 
   91    no       66.6        0.1        0.0      420.9      1.480      586.0      867.0 
   92    no  4124513.7       17.3        0.0      425.4      0.396     1444.0      572.0 
   93    no  4124583.3       16.0        0.0      426.6      2.524      572.0     1444.0 
   94    no  4124666.3       21.2        0.0      427.9      0.330     1735.0      572.0 
   95    no       66.5        0.9       14.4      429.7      0.324     2839.0      919.0 
   96    no        9.9        0.0        3.1      431.5      3.089      919.0     2839.0 
   98    no       66.4        1.8        9.4      446.6      8.695      377.0     3278.0 
   99    no  4125968.5       18.7        0.0      448.8      2.033      871.0     1771.0 
  100    no  4126036.0       15.0        0.0      449.9      0.492     1771.0      871.0 
  102    no       66.1        1.7       18.7      469.2     13.977      614.0     8582.0 
  103    no  4127343.2      167.3        0.0      471.0     10.283     8582.0    88249.0 
  105    no       18.4        0.1        0.4      480.9     35.076      475.0    16661.0 
  107    no  4128121.8       39.8        0.0      483.6     14.060     1185.0    16661.0 
  108    no       66.0        0.1        0.0      489.5     82.977      433.0    35929.0 
  110    no  4129445.8       49.6        0.0      505.2     20.040      970.0    19439.0 
  113    no  4129853.2       25.3        0.0      511.9      0.384     1316.0      505.0 
  114    no  4129915.9       24.0        0.0      512.9      2.606      505.0     1316.0 
  116    no       65.7        0.5        4.5      522.6      7.722     1268.0     9792.0 
  117    no       24.3      409.2       12.7      527.2    161.321     1131.0   182454.0 
  119    no       19.6      190.7       11.3      534.1     45.693     3993.0   182454.0 
  121    no       65.4        2.2        9.6      548.1      0.504     2100.0     1058.0 
  122    no       59.3        3.7        1.5      553.8     14.511     1058.0    15353.0 
  125    no       65.2        3.9      154.8      579.5      9.531    24432.0   232856.0 
  127    no  4134120.5      648.5        0.0      582.2     16.059    14500.0   232856.0 
  128    no        0.0       19.2       17.7      585.6      0.939    15436.0    14500.0 
  129    no        5.5        0.0        3.7      601.8     29.618      933.0    27634.0 
  131    no        4.6        0.0        4.7      609.8     53.658      515.0    27634.0 
  134    no  4136392.8      226.0        0.0      620.1      2.039    22016.0    44896.0 
  135    no  4136436.0      255.7        0.0      620.8      0.490    44896.0    22016.0 
  137    no  4138293.4        8.8        0.0      652.0      0.398     1034.0      412.0 
  138    no  4138365.0        7.9        0.0      653.2      2.510      412.0     1034.0 
  139    no  4138775.1       32.4        0.0      660.1      0.533     3286.0     1750.0 
  140    no  4138841.6       36.8        0.0      661.3      2.618     1750.0     4582.0 
  141    no  4138889.5       28.4        0.0      662.1      0.382     4582.0     1750.0 
  142    no       64.4       14.2       14.8      669.2      3.112     1179.0     3669.0 
  144    no       10.4        0.1       12.9      679.7     54.002      466.0    25165.0 
  147    no        2.1        0.0        3.1      698.0      7.540      619.0     4667.0 
  148    no  4141631.3       46.2        0.0      708.5      0.859     4667.0     4007.0 
  149    no  4141719.2       32.7        0.0      710.0      1.165     4007.0     4667.0 
  150    no  4141835.6       10.4        0.0      712.0      2.553      456.0     1164.0 
  151    no  4141865.9        9.8        0.0      712.5      0.392     1164.0      456.0 
  154    no  4142523.2      103.5        0.0      723.8     18.150     1010.0    18332.0 
  156    no  4142889.7       11.1        0.0      730.0      1.777      530.0      942.0 
  157    no  4142975.0       14.9        0.0      731.5      1.742      942.0     1641.0 
  158    no  4143043.4       13.9        0.0      732.6      0.574     1641.0      942.0 
  159    no       63.9        2.3        0.0      735.0      2.910      564.0     1641.0 
  160    no  4143337.1       13.9        0.0      737.7      0.432     1686.0      728.0 
  161    no  4143407.9       13.4        0.0      738.9      2.316      728.0     1686.0 
  162    no       60.9       27.4        0.0      746.8      0.273     3409.0      931.0 
  163    no       63.8        0.3        6.3      749.7      3.662      931.0     3409.0 
  164    no  4144243.6       32.0        0.0      753.2      0.993     5735.0     5697.0 
  165    no  4144339.1       32.8        0.0      754.8      1.007     5697.0     5735.0 
  166    no       63.8        0.2       13.6      756.8      3.881     1468.0     5697.0 
  167    no       12.2        0.0       11.1      758.9      0.378     3884.0     1468.0 
  168    no       15.7        0.0        4.0      767.0      2.281     1240.0     2829.0 
  169    no  4145297.0       26.6        0.0      771.3      0.347     2829.0      983.0 
  170    no  4145340.5       31.2        0.0      772.0      2.878      983.0     2829.0 
  171    no  4146969.7       13.0        0.0      800.1      0.449     1463.0      657.0 
  172    no  4147022.5       14.3        0.0      801.0      2.227      657.0     1463.0 
  175    no       63.3        0.6        8.5      818.4     24.010      806.0    19352.0 
  178    no       63.2        1.6       62.6      832.3      0.415     7323.0     3040.0 
  179    no       52.3        0.1        3.2      843.0      0.969      936.0      907.0 
  180    no       63.1        0.2        4.0      846.0      1.032      907.0      936.0 
  181    no  4149987.3      243.3        0.0      852.4      0.285    24078.0     6856.0 
  182    no  4150034.6      275.5        0.0      853.3      3.512     6856.0    24078.0 
  183    no  4150088.9      215.4        0.0      854.2      0.130    52904.0     6856.0 
  184    no       12.8        0.1        6.5      859.1      0.718      858.0      616.0 
  185    no       63.0        0.8        8.3      861.1      1.393      616.0      858.0 
  186    no  4150599.3       11.3        0.0      863.1      0.986     1278.0     1260.0 
  187    no  4150659.7       10.0        0.0      864.2      1.014     1260.0     1278.0 
  189    no       16.5        0.3        5.4      903.6      1.735     1315.0     2281.0 
  190    no  4153154.8        6.1        0.0      907.6      0.495     2281.0     1128.0 
  191    no  4153208.0        nan        0.0      908.5      2.022     1128.0     2281.0 
