 # ID       Xpix           Wavelength          Intens       Line 
    0      132.5        8085.21900000             1.0        ThI 
    1      204.4        8089.48520000             1.0        ThI 
    4      282.3        8094.05590000             1.0        ArI 
    6      447.1        8103.69310000             1.0        ArI 
    7      474.7        8105.39470000             1.0         Th 
    8      649.1        8115.31100000             1.0        ArI 
   11      895.1        8129.40510000             1.0        ThI 
   14     1084.7        8139.90320000             1.0       ThII 
   24     1669.9        8172.12340000             1.0        ThI 
