 # ID       Xpix           Wavelength          Intens       Line 
    5        0.0        6020.27216637         14998.0       NoID 
    6       66.6        6020.49799682          6052.0          ? 
    7       75.0        6021.03587263        905622.0        ThI 
    8       83.3        6021.41086310         17054.0       ThII 
    9      107.5        6022.36550518          2463.0          ? 
   10        0.0        6022.63984463           703.0          ? 
   11        0.0        6022.69727024          3682.0          ? 
   12      124.3        6023.22455388         43952.0        ThI 
   13        0.0        6023.33316777           991.0          ? 
   14      167.8        6025.15003869        373492.0        ArI 
   15      188.0        6026.04510373         53434.0        ThI 
   16        0.0        6026.23777908          1532.0          ? 
   17      215.4        6027.24785029         12947.0       ArII 
   18      260.7        6029.22644484         40275.0        ThI 
   19      270.3        6029.64957340         42558.0        ThI 
   20      288.5        6030.44455227        446532.0        ThI 
   21      344.3        6032.87243136         83838.0        ThI 
   22      349.9        6033.18880554          1800.0          ? 
   23      356.7        6033.41237560         73220.0        ThI 
   24        0.0        6033.51449223          4505.0        ThI 
   25        0.0        6034.21313192          1129.0          ? 
   26        0.0        6034.33918412          1256.0          ? 
   27      382.7        6034.54076908         12033.0          ? 
   28      389.5        6034.84391980          1596.0          ? 
   29      397.7        6035.19286325        127961.0        ThI 
   30      413.3        6035.87471244          1810.0          ? 
   31      433.9        6036.76352915         20443.0        ThI 
   32      478.4        6038.68081211        335596.0        ThI 
   33      490.9        6039.22681672          3983.0          ? 
   34      499.2        6039.66343766           748.0          ? 
   35        0.0        6039.90560873          1151.0          ? 
   36      530.8        6040.87185267          2133.0          ? 
   37      534.1        6041.08950531          2871.0          ? 
   38        0.0        6041.34797401          1593.0          ? 
   39        0.0        6041.43025595           950.0          ? 
   40      567.3        6042.39976801          1288.0          ? 
   42        0.0        6044.43242702        128741.0       ThII 
   43        0.0        6044.47043483         28824.0          ? 
   44      634.9        6045.35248134          8880.0          ? 
   46        0.0        6047.26658112          2032.0          ? 
   47        0.0        6047.38977909          1342.0          ? 
   48        0.0        6047.52363120          1273.0          ? 
   49        0.0        6047.66231102          1173.0          ? 
   50        0.0        6047.79819659          4894.0          ? 
   51        0.0        6047.95589630          1381.0          ? 
   54      803.1        6052.44531456          9590.0          ? 
   58      890.4        6056.24048395           508.0          ? 
   59      904.3        6056.88047334          2572.0          ? 
   60        0.0        6057.17056856          1398.0          ? 
   61        0.0        6057.25408016           824.0          ? 
   63        0.0        6058.28870374           887.0          ? 
   64      945.5        6058.43844759          2371.0          ? 
   65        0.0        6058.61175512          5031.0       ThII 
   66        0.0        6058.72071190          5049.0          ? 
   67        0.0        6059.85490778          3503.0          ? 
   68        0.0        6060.95842387          2100.0          ? 
   69        0.0        6061.02474609           730.0          ? 
   71        0.0        6061.62868015          4050.0          ? 
   73     1109.0        6065.34623229          2629.0          ? 
   74        0.0        6065.64643879          2453.0          ? 
   76        0.0        6065.91670532          1603.0          ? 
   77        0.0        6066.03362496           619.0          ? 
   78        0.0        6066.12315496           498.0          ? 
   79        0.0        6066.23654055           933.0          ? 
   80        0.0        6066.33017344          1735.0          ? 
   82        0.0        6066.59521837           492.0          ? 
   83        0.0        6066.96334666          1968.0          ? 
   84        0.0        6067.07923458         11352.0       ThII 
   86        0.0        6069.56923687           758.0          ? 
   87        0.0        6069.67316900          1262.0          ? 
   88        0.0        6069.84029418          3853.0          ? 
   89        0.0        6069.93645640          4680.0          ? 
   90        0.0        6070.05671215          1855.0          ? 
   91        0.0        6070.19646767           807.0          ? 
   93        0.0        6070.47592173           854.0          ? 
   94     1258.7        6071.55192319          4190.0          ? 
   95     1266.0        6071.74380973           979.0          ? 
   96        0.0        6072.79923971          7514.0        ThI 
   97        0.0        6072.89616172          5096.0          ? 
   99     1299.3        6073.30168397           482.0          ? 
  100        0.0        6073.44881052           608.0          ? 
  101        0.0        6073.55487707          1325.0          ? 
  102     1319.8        6074.00348777          1808.0          ? 
  103        0.0        6074.22034662           441.0          ? 
  104        0.0        6074.33413010           572.0          ? 
  105     1334.8        6074.74133291           375.0          ? 
  106     1369.8        6076.19582286          1063.0          ? 
  107        0.0        6076.98664978          1528.0          ? 
  109        0.0        6077.36635096          9662.0          ? 
  110        0.0        6077.43120756          2027.0       ArII 
  111        0.0        6077.53533464          1955.0          ? 
  119        0.0        6083.16901482           440.0          ? 
  120        0.0        6083.24310795          3263.0          ? 
  122     1567.2        6084.12040168          2784.0          ? 
  123        0.0        6085.25619308         42636.0       ThII 
  125     1610.8        6085.87848719         42490.0        ArI 
  126        0.0        6085.95669222          4136.0          ? 
  129     1644.7        6087.26215611         56796.0       ThII 
  130     1663.6        6088.03006417       1081874.0        ThI 
  131     1683.3        6088.82438514          7111.0          ? 
  132     1687.9        6089.11270682          1929.0          ? 
  133     1708.1        6089.81340490          2523.0          ? 
  134     1715.5        6090.10776595          5393.0       ThII 
  135     1723.8        6090.44672205         27027.0        ThI 
  136     1732.3        6090.78634496        203328.0        ArI 
  137     1734.1        6090.95644634          6026.0          ? 
  138        0.0        6093.02141153          3795.0          ? 
  139     1838.3        6095.04645242          7790.0          ? 
  140     1844.5        6095.22482158          2534.0          ? 
  141     1849.7        6095.43342464          2202.0          ? 
  142     1859.1        6095.98867672          1086.0          ? 
  143        0.0        6097.19321366         11450.0       ThII 
  144        0.0        6097.28660561          1722.0          ? 
  145        0.0        6097.41149012          2376.0          ? 
  146        0.0        6097.59203569          3865.0          ? 
  147     1908.6        6097.81784013          6142.0          ? 
  148     1915.9        6098.11991212         98402.0       NoID 
  149     1920.7        6098.31833190          3569.0          ? 
  150     1933.1        6098.80319286        626922.0        ArI 
  151     1936.3        6099.08319976        108574.0       ThII 
  152     1962.8        6099.98928074         16069.0        ThI 
