 # ID       Xpix           Wavelength          Intens       Line 
    0      121.0        8446.51160000             1.0        ThI 
    1      188.6        8450.67540000             1.0       ThII 
    6      646.9        8478.35800000             1.0        ThI 
    8      979.0        8498.01610000             1.0         Th 
   16     1380.6        8521.44220000             1.0        ArI 
   17     1547.1        8530.91080000             1.0        ThI 
   19     1580.5        8532.91370000             1.0        ThI 
   20     1612.9        8534.67970000             1.0        ThI 
   22     1742.3        8542.08710000             1.0         Th 
