 # ID       Xpix           Wavelength          Intens       Line 
    8        0.0        5008.80868687          1007.0          ? 
    9       86.0        5009.33522990        504971.0       ArII 
   10        0.0        5009.93501446         12515.0        ThI 
   11        0.0        5009.96554135          4741.0          ? 
   12      115.7        5010.41722127         12192.0        ThI 
   13        0.0        5011.38828713           822.0          ? 
   14      144.8        5011.47786732         17747.0        ThI 
   15        0.0        5011.77426152           755.0          ? 
   16        0.0        5011.86412663           782.0          ? 
   17      161.0        5012.06539213          1470.0          ? 
   18        0.0        5012.27455153          4064.0        ThI 
   19        0.0        5012.35376547           484.0          ? 
   20        0.0        5012.77939932          1431.0          ? 
   21        0.0        5012.84480893           649.0          ? 
   22      191.3        5013.16553867          5077.0       NoID 
   23      219.3        5014.18396792          4222.0        ThI 
   24      226.4        5014.44868355          5053.0        ThI 
   25        0.0        5014.75461422          7933.0       NoID 
   26      239.8        5014.93159817          6925.0          ? 
   27      249.6        5015.28019450          3494.0       NoID 
   28        0.0        5015.88993240         39990.0       ThII 
   29        0.0        5015.98590088          5997.0       NoID 
   30      283.9        5016.53534281         32335.0        ThI 
   31        0.0        5017.50887500         77753.0        ThI 
   32        0.0        5017.63094654         23306.0          ? 
   33        0.0        5017.75964033          8350.0        ThI 
   34        0.0        5017.87637629          7194.0        ThI 
   35      325.7        5018.05375914         28032.0        ThI 
   36      341.5        5018.73744237          1818.0       NoID 
   37      349.2        5018.88085725           575.0          ? 
   38      374.0        5019.80601328        369922.0        ThI 
   39      375.8        5019.99915593          3985.0       NoID 
   40      414.1        5021.25276864         15133.0        ThI 
   41        0.0        5021.75657770          2278.0       ThII 
   42        0.0        5021.83884582           911.0          ? 
   43        0.0        5021.91052777          1931.0          ? 
   44      434.9        5022.00493767         91947.0        ThI 
   45        0.0        5022.07911194          3261.0        ThI 
   46      436.4        5022.17378777         34284.0       NoID 
   47      476.0        5023.48140811         14086.0        ThI 
   48      482.2        5023.70837277         39749.0        ThI 
   49      496.3        5024.31968124           459.0          ? 
   50      509.5        5024.79357724          1760.0          ? 
   51      542.2        5025.86086547          2542.0       ThII 
   52        0.0        5026.08243256           414.0          ? 
   53        0.0        5026.15726866          2383.0        ThI 
   54        0.0        5026.23752433           558.0          ? 
   55        0.0        5026.95469864          9792.0        ThI 
   56        0.0        5027.02517090          2181.0        ThI 
   57        0.0        5027.12372070          1861.0          ? 
   58        0.0        5027.22769406           424.0          ? 
   59        0.0        5028.59771179         47241.0          ? 
   61        0.0        5028.92521271          1194.0          ? 
   65        0.0        5030.03192045          1260.0          ? 
   66        0.0        5030.10927188          1110.0          ? 
   67      667.1        5030.31632982          1169.0          ? 
   68        0.0        5030.53471276          1006.0          ? 
   69        0.0        5030.62398802          1313.0          ? 
   70        0.0        5030.69204192          2661.0          ? 
   71        0.0        5030.78756153           798.0          ? 
   72        0.0        5031.08131242           708.0          ? 
   73        0.0        5031.14510946          3999.0        ThI 
   75        0.0        5032.02824963         16305.0          ? 
   76        0.0        5032.10425642          1873.0          ? 
   77      722.8        5032.37306694           671.0          ? 
   79        0.0        5033.81128352          1204.0          ? 
   80        0.0        5033.90087070          1605.0          ? 
   81        0.0        5034.23867088          2549.0          ? 
   82        0.0        5034.29220064          9215.0        ThI 
   83        0.0        5035.26850803           920.0          ? 
   85      810.5        5035.46645440          1565.0        ThI 
   89        0.0        5038.30005091         15593.0        ThI 
   90        0.0        5038.41755066          5395.0       NoID 
   93        0.0        5040.49888120          4238.0          ? 
   94        0.0        5040.55409251         13001.0       NoID 
   96        0.0        5040.74800295          1736.0          ? 
   98        0.0        5041.22690660          4100.0          ? 
   99        0.0        5041.29460759           999.0          ? 
  100        0.0        5041.37603494          1005.0          ? 
  102      990.2        5041.75602089          1813.0          ? 
  103     1031.5        5043.10296670           453.0          ? 
  107        0.0        5045.95940107           574.0          ? 
  108        0.0        5046.06060815          1364.0          ? 
  109        0.0        5046.17027099           580.0          ? 
  111        0.0        5046.53708544          1115.0          ? 
  113        0.0        5046.71396440           574.0          ? 
  115        0.0        5047.12257373          4385.0        ThI 
  116     1153.0        5047.24660375           903.0          ? 
  118        0.0        5048.43087080           471.0          ? 
  119        0.0        5048.52785001           315.0          ? 
  122        0.0        5049.79703147        302322.0       ThII 
  123        0.0        5049.85085016         32465.0          ? 
  124        0.0        5049.98398875         11532.0        ThI 
  125        0.0        5050.03207396          8123.0        ThI 
  127        0.0        5051.08390022          6916.0        ThI 
  128        0.0        5051.17975873           700.0          ? 
  131        0.0        5051.97077135           811.0          ? 
  132        0.0        5052.08640160          2974.0        ThI 
  133        0.0        5052.17447918          1419.0          ? 
  134     1297.8        5052.30214522          1470.0          ? 
  135     1299.8        5052.45394885          1819.0        ThI 
  137     1311.6        5052.85732757          1816.0        ThI 
  138     1319.5        5053.06891629           705.0          ? 
  139     1326.1        5053.19491478          1111.0          ? 
  140        0.0        5053.50375564           680.0          ? 
  141        0.0        5053.60351911          1078.0          ? 
  142        0.0        5053.67508608           541.0          ? 
  143        0.0        5053.74935232          2832.0       NoID 
  145     1346.0        5054.03432453          2468.0        ThI 
  148     1382.9        5055.21980024         28865.0        ThI 
  150        0.0        5055.60164868          1265.0          ? 
  151        0.0        5055.68446565          5686.0        ThI 
  152        0.0        5056.19933871          3776.0        ThI 
  153        0.0        5056.30589437           928.0          ? 
  154        0.0        5056.44703083          1042.0          ? 
  156        0.0        5056.67844128           718.0          ? 
  157        0.0        5056.77139656          3233.0        ThI 
  158        0.0        5056.86177452          5875.0       NoID 
  159        0.0        5057.03087954           276.0          ? 
  160        0.0        5057.13862489          1417.0          ? 
  162        0.0        5058.36089080         91327.0        ThI 
  163        0.0        5058.45295231          9817.0       NoID 
  164        0.0        5058.55486620         11564.0          ? 
  165        0.0        5058.58178404         13432.0          ? 
  166     1491.4        5058.89841383          3680.0       NoID 
  167     1492.9        5059.02941498          1044.0          ? 
  169     1506.8        5059.38992210          1319.0          ? 
  170        0.0        5059.75123599          3327.0        ThI 
  172     1526.6        5060.07981460        112185.0        ArI 
  173        0.0        5060.99385448           705.0          ? 
  174        0.0        5061.09824171          6951.0       NoID 
  175        0.0        5061.16366631           801.0          ? 
  178     1597.8        5062.49594994          4585.0        ThI 
  179        0.0        5062.64045151           719.0          ? 
  180        0.0        5062.72007333          3784.0          ? 
  181        0.0        5062.82431260          1163.0          ? 
  183     1615.2        5063.05480729           515.0          ? 
  185        0.0        5063.66477005          1314.0        ThI 
  186        0.0        5063.99939704         72755.0        ThI 
  187        0.0        5064.05157516         17405.0        ThI 
  190     1678.0        5065.19198682        325229.0        ThI 
  191     1689.2        5065.48805806          3075.0          ? 
  193     1717.9        5066.60024123          2300.0       NoID 
  195        0.0        5066.84385243          1586.0          ? 
  196        0.0        5066.95922174          5577.0        ThI 
  197        0.0        5067.05108830           849.0          ? 
  199        0.0        5068.33169366           799.0          ? 
  200        0.0        5068.38519942          4875.0          ? 
  201     1780.5        5068.53442073           737.0          ? 
  203     1790.0        5068.95074598          3673.0        ThI 
  204     1794.7        5069.09062677          4600.0        ThI 
  205     1801.9        5069.33477683         27480.0        ThI 
  206     1815.6        5069.85637308           613.0          ? 
  207     1835.5        5070.45181469          4488.0        ThI 
  208     1845.2        5070.77844780          9034.0        ThI 
  209     1851.4        5070.98026811         10202.0          ? 
  210        0.0        5071.25933687          8669.0          ? 
  211     1868.9        5071.47230122          2877.0          ? 
  212     1876.5        5071.87544498           943.0          ? 
  213     1894.7        5072.47734986           989.0       ThII 
  214     1901.2        5072.63126092          3172.0       ThII 
  215     1911.6        5072.88227115          4468.0        ThI 
  216     1942.7        5073.98139476           917.0          ? 
  217     1961.9        5074.64671477         19357.0        ThI 
  218        0.0        5075.46633473          9772.0       ThII 
