 # ID       Xpix           Wavelength          Intens       Line 
   12       64.0        4879.15814960          4838.0       ThII 
   13        0.0        4879.35091844         14650.0       ThII 
   14        0.0        4880.85844231         19720.0        ThI 
   15        0.0        4880.91450942         15472.0        ThI 
   16      125.1        4881.20461042        138616.0        ThI 
   17      131.6        4881.59742816          9410.0        ThI 
   18      143.4        4881.85390308         31827.0        ThI 
   19        0.0        4881.91313936          1369.0          ? 
   20      154.4        4882.24367263         79054.0       ArII 
   21        0.0        4882.44544207          6719.0       ThII 
   22      172.8        4882.89567157          2219.0        ThI 
   23        0.0        4883.23687300          4668.0       NoID 
   24        0.0        4883.29890853          2704.0          ? 
   25        0.0        4883.49197229          1619.0       NoID 
   26        0.0        4883.58323307           962.0          ? 
   27        0.0        4883.64926354          1165.0          ? 
   28        0.0        4884.49841414          3238.0          ? 
   29        0.0        4884.55302665          5095.0        ThI 
   30      223.3        4884.68321509          1546.0          ? 
   31        0.0        4885.75911950          2291.0       NoID 
   32        0.0        4885.83811553          2040.0          ? 
   33      255.7        4885.98880653          2168.0       ThII 
   34        0.0        4886.13182657          6739.0       NoID 
   35        0.0        4886.29821540         14511.0          ? 
   36        0.0        4886.35978406          2390.0          ? 
   37      284.6        4886.86629861          8269.0        ThI 
   38      291.1        4887.09425410          6348.0        ThI 
   39      301.5        4887.44157091           857.0          ? 
   40      315.4        4887.94812944        148153.0          ? 
   41      320.2        4888.26192015         13441.0       ArII 
   42      358.9        4889.49024708         60383.0        ThI 
   43      369.3        4889.85762656          6381.0       ThII 
   44      387.6        4890.62839896          1796.0          ? 
   45      395.0        4890.75488938          1487.0          ? 
   46      402.8        4891.03764932         10729.0       NoID 
   47      420.5        4891.66016207         12953.0        ThI 
   48      421.7        4891.82162220           404.0          ? 
   49        0.0        4891.95318628          3624.0          ? 
   50        0.0        4892.04145385          7984.0        ThI 
   51      438.5        4892.28193101          3444.0        ThI 
   52      438.7        4892.41597343           377.0          ? 
   53        0.0        4892.64831975           788.0          ? 
   54      451.8        4892.75959721         76695.0        ThI 
   55        0.0        4892.82017812          1823.0          ? 
   56      471.3        4893.44516121         52781.0        ThI 
   57        0.0        4893.70541313          4608.0        ThI 
   58      486.2        4893.91320296          1176.0          ? 
   59      502.5        4894.52365391          2634.0        ThI 
   60      506.6        4894.69129240         56969.0          ? 
   61        0.0        4896.11206123           928.0          ? 
   62        0.0        4896.20577235           182.0          ? 
   63        0.0        4896.26273623           374.0          ? 
   64      590.2        4897.58826133          3586.0       NoID 
   65      599.8        4897.92651053          1699.0          ? 
   66        0.0        4898.35867280         11436.0        ThI 
   67        0.0        4898.43854860          6037.0          ? 
   68        0.0        4898.46588534          4683.0          ? 
   69        0.0        4898.69587128          4833.0        ThI 
   70        0.0        4898.80799751         12447.0       ThII 
   71        0.0        4899.14982776          3864.0       ThII 
   72      637.6        4899.23962692         66373.0       NoID 
   73        0.0        4899.33612230         20780.0        ThI 
   74      649.5        4899.58604995          1071.0          ? 
   76      680.8        4900.74513723          1533.0       NoID 
   77      684.8        4900.86512237          4342.0       NoID 
   78        0.0        4901.28246357          1814.0          ? 
   79        0.0        4901.36970741          1582.0          ? 
   80        0.0        4901.47623813          1058.0          ? 
   82        0.0        4901.98493707         35440.0        ThI 
   83        0.0        4902.05318195        223887.0        ThI 
   84      728.1        4902.33846121          2239.0       NoID 
   87        0.0        4902.95036275          1099.0          ? 
   88        0.0        4903.05757429         12204.0        ThI 
   89        0.0        4903.13017701          1927.0       ThII 
   90        0.0        4903.23175604          1720.0       NoID 
   91        0.0        4903.31211671           600.0          ? 
   92      761.6        4903.55468331           412.0          ? 
   93        0.0        4903.81953599           626.0          ? 
   94        0.0        4903.90745465           477.0          ? 
   95      778.8        4904.11790577           898.0          ? 
   96      811.9        4905.25675940           770.0          ? 
   98        0.0        4906.06406506           522.0          ? 
   99        0.0        4906.15087301           535.0          ? 
  102      920.2        4909.00529113          2104.0        ThI 
  107        0.0        4910.23383792          2664.0       NoID 
  108        0.0        4910.31681789          2124.0       ThII 
  109      966.6        4910.54854436         11478.0        ThI 
  112        0.0        4911.45342110          3562.0       ThII 
  113        0.0        4911.55297766          3648.0       NoID 
  114        0.0        4911.93852129          3264.0        ThI 
  115        0.0        4912.04267963         11242.0        ThI 
  117        0.0        4912.64373704          4052.0       NoID 
  119        0.0        4914.05696078           759.0          ? 
  120        0.0        4914.12080383          4274.0       ThII 
  123        0.0        4915.30757470           706.0          ? 
  125     1123.0        4915.82109134          4566.0        ThI 
  126     1128.7        4915.94596218           741.0          ? 
  127     1131.4        4916.12455776          1485.0          ? 
  128     1165.5        4917.18579296          2649.0       NoID 
  129        0.0        4917.46465391          2348.0       ThII 
  130        0.0        4917.53181207           490.0      ThIII 
  131     1186.5        4917.99864511          2146.0          ? 
  132     1205.9        4918.64759878          1082.0          ? 
  133     1210.4        4918.76376293           746.0          ? 
  134     1219.4        4918.99522047          2012.0          ? 
  135     1231.1        4919.46840082          2315.0       NoID 
  137        0.0        4920.01755799        118239.0        ThI 
  138        0.0        4920.05729843         29039.0        ThI 
  139     1257.6        4920.27592238           621.0          ? 
  140        0.0        4920.52987494         27367.0          ? 
  141        0.0        4920.62348108        119204.0        ThI 
  142        0.0        4920.83821506           732.0          ? 
  143        0.0        4920.89881197           542.0          ? 
  144        0.0        4921.61474384         44688.0       ThII 
  145        0.0        4921.67023011          6064.0          ? 
  146     1300.3        4921.85497505           803.0          ? 
  147     1306.5        4922.01405580          1598.0          ? 
  148     1313.2        4922.22742514          1824.0          ? 
  149        0.0        4922.34391121           446.0          ? 
  150        0.0        4922.43687952           444.0          ? 
  151        0.0        4922.55076927           711.0          ? 
  152        0.0        4922.94487262         16656.0       ThII 
  153        0.0        4923.04014032          1819.0          ? 
  154        0.0        4923.43064861           708.0          ? 
  155        0.0        4923.52435873           562.0          ? 
  156        0.0        4923.68581985          1510.0          ? 
  157        0.0        4923.77696164           494.0          ? 
  158     1367.0        4923.92515129           486.0          ? 
  159        0.0        4924.16639922          8891.0       NoID 
  160        0.0        4924.24688885         12035.0        ThI 
  162     1383.6        4924.63079489          1199.0          ? 
  163        0.0        4924.79953408          3505.0       ThII 
  164        0.0        4924.88983710          2568.0        ThI 
  165        0.0        4924.99689867          3248.0       ThII 
  166        0.0        4925.06188741          2572.0        ThI 
  167        0.0        4925.26514343          1896.0          ? 
  168        0.0        4925.33704134          2992.0        ThI 
  169        0.0        4925.42470206         11628.0       ThII 
  171        0.0        4926.01741865          1044.0          ? 
  172        0.0        4926.14120478           609.0          ? 
  173        0.0        4926.25449469          6029.0        ThI 
  174     1436.0        4926.36933719           443.0          ? 
  175        0.0        4926.61987965           290.0          ? 
  176        0.0        4926.69062986          1758.0       NoID 
  178        0.0        4927.50940842           884.0          ? 
  179        0.0        4927.58458345          2630.0       ThII 
  180     1486.5        4928.03260447          5365.0       NoID 
  181     1497.4        4928.25192222          1873.0       NoID 
  182        0.0        4928.44831806          5410.0          ? 
  183        0.0        4928.49883964          2068.0          ? 
  184        0.0        4928.60140640          3533.0        ThI 
  185        0.0        4928.68175507         10781.0        ThI 
  187        0.0        4929.26943599          1838.0       NoID 
  188        0.0        4929.37406620          3060.0       ThII 
  189     1541.3        4929.69419218           955.0          ? 
  190     1545.6        4929.83508276          1176.0          ? 
  192        0.0        4930.06141565           721.0          ? 
  193        0.0        4931.05105482          4589.0        ThI 
  194        0.0        4931.14728426          1734.0       NoID 
  195     1595.4        4931.59401261           264.0          ? 
  196     1611.0        4931.98222951           376.0          ? 
  197        0.0        4932.25624773          1346.0          ? 
  198        0.0        4932.34310166          1302.0       ThII 
  199        0.0        4932.45202373           942.0          ? 
  200        0.0        4932.52904928          3838.0       ThII 
  201        0.0        4932.58631607          1471.0          ? 
  203     1642.3        4933.00822301          5942.0        ThI 
  205        0.0        4933.47901497          3136.0       ThII 
  206        0.0        4933.56445528          4663.0       ThII 
  209        0.0        4934.97104369           925.0          ? 
  210        0.0        4935.03220045           296.0          ? 
  211        0.0        4935.17377585          2204.0        ThI 
  212        0.0        4935.24851499           282.0          ? 
  213     1716.5        4935.44021508           310.0          ? 
  214     1723.4        4935.75707692           488.0          ? 
  215        0.0        4935.88606766          2387.0          ? 
  216        0.0        4935.92844940          8307.0        ThI 
  220     1756.7        4936.88914924          9495.0        ThI 
  221        0.0        4936.96033333           895.0          ? 
  222        0.0        4937.01158472           729.0          ? 
  223        0.0        4937.26846249          1484.0          ? 
  224        0.0        4937.34205594          1201.0          ? 
  225        0.0        4937.72648283          6043.0          ? 
  227        0.0        4938.20431192          7940.0        ThI 
  228        0.0        4938.28641611         16377.0        ThI 
  229        0.0        4938.37635022           530.0          ? 
  230        0.0        4938.43428983          2548.0       NoID 
  232        0.0        4938.59840324         10757.0        ThI 
  233        0.0        4938.71984299          1718.0          ? 
  234        0.0        4938.82172293           754.0          ? 
  235     1825.5        4939.06033255          7839.0        ThI 
  236        0.0        4939.13464881           440.0          ? 
  237     1832.0        4939.27041975         19321.0        ThI 
  239        0.0        4939.95256356          1073.0          ? 
  240        0.0        4940.05802155          4305.0        ThI 
  241     1863.0        4940.18756714           678.0          ? 
  242        0.0        4940.65225671           966.0          ? 
  243        0.0        4940.74409431           389.0          ? 
  244        0.0        4940.80641376           581.0          ? 
  246     1891.7        4941.26086905           946.0          ? 
  248     1944.6        4942.92071915         44780.0       ArII 
  249     1949.3        4943.06343125        454272.0        ThI 
  250     1976.0        4943.97211687           380.0          ? 
