 # ID       Xpix           Wavelength          Intens       Line 
    0      117.5        7647.37940000             1.0        ThI 
    1      181.9        7651.00060000             1.0        ThI 
    4      232.9        7653.82840000             1.0        ThI 
    7      344.8        7660.02340000             1.0        ThI 
   20     1046.2        7697.92390000             1.0        ThI 
   26     1267.0        7709.55230000             1.0       ThII 
   27     1274.5        7709.89150000             1.0        ThI 
   33     1540.5        7723.76110000             1.0        ArI 
   34     1549.2        7724.20720000             1.0        ArI 
