   ID    ok   Diff(mA)       chi2        SNR     Diff/R      I1/I0         I0         I1 
    9    no  4921614.7       30.8        0.0       21.8      0.136    44688.0     6064.0 
   10    no  4921670.2      114.0        0.0       22.5      7.369     6064.0    44688.0 
   11    no       82.5        8.8      296.5       24.7      1.990      803.0     1598.0 
   12    no       82.5       16.2        0.0       26.6      0.503     1598.0      803.0 
   13    no  4922227.4        3.0        0.0       29.2      0.245     1824.0      446.0 
   14    no  4922343.9        5.8        0.0       30.7      0.996      446.0      444.0 
   15    no  4922436.9        6.2        0.0       31.8      1.005      444.0      446.0 
   16    no  4922550.8        7.9        0.0       33.2      0.624      711.0      444.0 
   17    no  4922944.9       11.6        0.0       38.0      0.109    16656.0     1819.0 
   18    no  4923040.1       77.8        0.0       39.1      9.157     1819.0    16656.0 
   19    no  4923430.6       14.3        0.0       43.9      0.794      708.0      562.0 
   20    no  4923524.4       14.5        0.0       45.0      1.260      562.0      708.0 
   21    no  4923685.8        8.6        0.0       47.0      0.327     1510.0      494.0 
   22    no  4923777.0       11.4        0.0       48.1      3.057      494.0     1510.0 
   23    no        9.5        0.8        3.3       49.9      1.016      486.0      494.0 
   24    no  4924166.4       13.8        0.0       52.9      1.354     8891.0    12035.0 
   25    no  4924246.9       31.9        0.0       53.9      0.739    12035.0     8891.0 
   26    no       82.2       72.6      231.3       56.0      0.444    27128.0    12035.0 
   27    no       82.2       10.8      154.9       58.6      2.923     1199.0     3505.0 
   28    no  4924799.5       12.9        0.0       60.6      0.733     3505.0     2568.0 
   29    no  4924889.8       22.0        0.0       61.7      1.365     2568.0     3505.0 
   30    no  4924996.9       21.0        0.0       63.0      0.792     3248.0     2572.0 
   31    no  4925061.9       27.3        0.0       63.8      1.263     2572.0     3248.0 
   32    no  4925265.1       10.9        0.0       66.3      1.578     1896.0     2992.0 
   33    no  4925337.0       11.7        0.0       67.2      0.634     2992.0     1896.0 
   34    no  4925424.7       29.5        0.0       68.3      0.257    11628.0     2992.0 
   35    no       40.6       21.6       95.9       74.7      0.027    38168.0     1044.0 
   36    no  4926017.4       82.6        0.0       75.6     36.559     1044.0    38168.0 
   37    no  4926141.2       33.8        0.0       77.1      9.900      609.0     6029.0 
   38    no  4926254.5       16.2        0.0       78.5      0.101     6029.0      609.0 
   39    no  4926369.3       20.9        0.0       79.9     13.609      443.0     6029.0 
   40    no  4926619.9        6.8        0.0       83.0      6.062      290.0     1758.0 
   41    no  4926690.6        6.9        0.0       83.8      0.165     1758.0      290.0 
   42    no       81.9        0.5      104.5       91.3      0.025    34934.0      884.0 
   43    no  4927509.4       20.6        0.0       93.9      2.975      884.0     2630.0 
   44    no  4927584.6       14.1        0.0       94.9      0.336     2630.0      884.0 
   45    no       81.8     2510.7      660.0      100.4      0.349     5365.0     1873.0 
   46    no       81.8        4.6        6.6      103.1      2.888     1873.0     5410.0 
   47    no  4928448.3       25.0        0.0      105.5      0.382     5410.0     2068.0 
   48    no  4928498.8       38.3        0.0      106.2      2.616     2068.0     5410.0 
   49    no  4928601.4       32.0        0.0      107.4      3.052     3533.0    10781.0 
   50    no  4928681.8       27.5        0.0      108.4      0.328    10781.0     3533.0 
   51    no       68.3        0.4      146.8      113.4      0.045    40595.0     1838.0 
   52    no  4929269.4       30.7        0.0      115.7      1.665     1838.0     3060.0 
   53    no  4929374.1       17.3        0.0      117.0      0.601     3060.0     1838.0 
   54    no       66.1        2.6       12.3      121.0      1.231      955.0     1176.0 
   55    no  4929835.1       10.5        0.0      122.7      0.812     1176.0      955.0 
   56    no       64.1        0.1      114.2      124.6      0.044    16479.0      721.0 
   57    no  4930061.4       80.4        0.0      125.5     22.856      721.0    16479.0 
   58    no  4931051.1       13.4        0.0      137.8      0.378     4589.0     1734.0 
   59    no  4931147.3       19.6        0.0      139.0      2.646     1734.0     4589.0 
   60    no       81.4        7.8       12.0      144.6      1.424      264.0      376.0 
   61    no       81.4        0.1        4.3      149.5      3.580      376.0     1346.0 
   62    no  4932256.2        8.8        0.0      152.9      0.967     1346.0     1302.0 
   63    no  4932343.1       14.5        0.0      154.0      1.034     1302.0     1346.0 
   64    no  4932452.0       13.6        0.0      155.3      4.074      942.0     3838.0 
   65    no  4932529.0       21.9        0.0      156.3      0.383     3838.0     1471.0 
   66    no  4932586.3       28.4        0.0      157.0      2.609     1471.0     3838.0 
   67    no       45.0        4.5       35.5      160.1      0.725     8195.0     5942.0 
   68    no       75.4     2724.6        1.6      162.3      1.379     5942.0     8195.0 
   69    no       40.3        1.7     3186.8      164.8      0.013   451028.0     5942.0 
   70    no  4933479.0       40.6        0.0      168.2      1.487     3136.0     4663.0 
   71    no  4933564.5       45.5        0.0      169.3      0.673     4663.0     3136.0 
   72    no       45.5        0.0       13.3      178.9      0.198     5807.0     1151.0 
   73    no       31.7        0.0        8.2      181.5      5.045     1151.0     5807.0 
   74    no  4934971.0        9.8        0.0      187.0      0.320      925.0      296.0 
   75    no  4935032.2       10.0        0.0      187.7      3.125      296.0      925.0 
   76    no  4935173.8       12.0        0.0      189.5      0.128     2204.0      282.0 
   77    no  4935248.5       12.2        0.0      190.5      7.816      282.0     2204.0 
   78    no       81.0        0.0        0.5      192.9      0.910      310.0      282.0 
   79    no        5.1        0.0        4.8      196.9      4.891      488.0     2387.0 
   80    no  4935886.1       26.2        0.0      198.5      3.480     2387.0     8307.0 
   81    no  4935928.4       29.4        0.0      199.1      0.287     8307.0     2387.0 
   82    no       27.0        0.0       18.8      201.1      1.765     4706.0     8307.0 
   83    no       41.1        0.1       10.0      207.1    167.212     1006.0   168215.0 
   84    no       25.8        2.0      567.7      209.8      0.056   168215.0     9495.0 
   85    no       80.8       10.1      550.6      211.2      0.094     9495.0      895.0 
   86    no  4936960.3       56.0        0.0      212.1      0.815      895.0      729.0 
   87    no  4937011.6       23.6        0.0      212.8      1.228      729.0      895.0 
   88    no  4937268.5       21.8        0.0      216.0      0.809     1484.0     1201.0 
   89    no  4937342.1       25.7        0.0      217.0      1.236     1201.0     1484.0 
   90    no  4937726.5       76.4        0.0      221.8     41.599     6043.0   251385.0 
   91    no       21.1        0.3      841.3      223.1      0.024   251385.0     6043.0 
   92    no  4938204.3       32.9        0.0      227.9      2.063     7940.0    16377.0 
   93    no  4938286.4       46.8        0.0      229.0      0.485    16377.0     7940.0 
   94    no  4938376.4       34.4        0.0      230.1      4.808      530.0     2548.0 
   95    no  4938434.3       55.6        0.0      230.8      0.208     2548.0      530.0 
   96    no       23.9        5.3      142.1      231.7      0.038    66916.0     2548.0 
   97    no  4938598.4       98.2        0.0      232.9      6.221    10757.0    66916.0 
   98    no  4938719.8       19.2        0.0      234.5      0.439     1718.0      754.0 
   99    no  4938821.7       12.3        0.0      235.8      2.279      754.0     1718.0 
  100    no       17.2        4.7       17.3      238.8      0.056     7839.0      440.0 
  101    no  4939134.6       24.7        0.0      239.8     17.816      440.0     7839.0 
  102    no       16.4        0.4       49.9      241.5      0.023    19321.0      440.0 
  103    no       13.3        2.1     2609.6      246.2      0.002   546458.0     1073.0 
  104    no  4939952.6       18.2        0.0      250.2      4.012     1073.0     4305.0 
  105    no  4940058.0       22.9        0.0      251.6      0.249     4305.0     1073.0 
  106    no       80.4        0.2        0.0      253.2      6.350      678.0     4305.0 
  107    no  4940652.3       10.3        0.0      259.2      0.403      966.0      389.0 
  108    no  4940744.1       11.3        0.0      260.4      1.494      389.0      581.0 
  109    no  4940806.4       13.6        0.0      261.2      0.670      581.0      389.0 
  110    no       18.8        0.1       18.6      262.5      0.081     7129.0      581.0 
  111    no       80.3        0.9        0.0      267.0     20.122      946.0    19035.0 
  112    no       12.6        0.0       60.5      269.0      0.050    19035.0      946.0 
  113    no       80.1       16.3      257.3      288.4     10.145    44780.0   454272.0 
  115    no        1.3        0.0        0.6      302.0      3.087      380.0     1173.0 
  116    no       79.9        0.0        4.9      309.0      0.324     1173.0      380.0 
  117    no  4945859.7       16.6        0.0      326.5      0.300     2401.0      721.0 
  118    no  4945972.8        8.7        0.0      327.9      3.330      721.0     2401.0 
  119    no  4946103.5       12.6        0.0      329.7      0.292     2699.0      788.0 
  120    no  4946220.8        9.5        0.0      331.2      3.425      788.0     2699.0 
  122    no       13.4        0.1        1.6      341.5      1.203     1362.0     1639.0 
  123    no  4947319.1       20.0        0.0      345.5      7.743     1639.0    12690.0 
  124    no  4947419.9       40.3        0.0      346.8      0.129    12690.0     1639.0 
  125    no        3.8        0.0        3.5      353.8      3.437      622.0     2138.0 
  127    no       27.6        0.4        9.2      367.1      0.388     4140.0     1605.0 
  128    no       79.4        0.4        0.0      370.7      6.202     1605.0     9954.0 
  130    no        1.1        0.0        1.6      378.1      2.199      816.0     1794.0 
  134    no       28.7        0.1        4.9      399.1      5.373      624.0     3353.0 
  135    no  4951756.2       11.6        0.0      404.0      0.377     3353.0     1264.0 
  136    no  4951827.8       12.4        0.0      405.0      2.653     1264.0     3353.0 
  137    no  4952346.7        9.1        0.0      411.9      1.414      691.0      977.0 
  138    no  4952454.3        7.3        0.0      413.3      0.707      977.0      691.0 
  141    no  4953651.5       11.1        0.0      429.3      3.874     1566.0     6067.0 
  143    no  4954339.8       10.5        0.0      438.5      0.935     1335.0     1248.0 
  144    no  4954443.6       26.1        0.0      439.9      1.070     1248.0     1335.0 
  145    no  4954557.0      108.5        0.0      441.4      1.019    16524.0    16833.0 
  146    no  4954661.7      119.2        0.0      442.8      0.982    16833.0    16524.0 
  147    no       17.3        0.0        0.9      457.0      0.746     1152.0      859.0 
  148    no       15.5        0.0        5.2      460.3      1.341      859.0     1152.0 
  149    no       78.4       17.8       70.3      469.4      0.280     7376.0     2064.0 
  150    no  4956988.5       35.1        0.0      474.1      1.723     2064.0     3556.0 
  151    no  4957060.7       28.8        0.0      475.1      0.580     3556.0     2064.0 
  153    no  4957457.5       27.7        0.0      480.5      0.469     6006.0     2819.0 
  154    no  4957514.3       24.4        0.0      481.2      2.131     2819.0     6006.0 
  155    no  4957596.3       12.7        0.0      482.3      0.195    14470.0     2819.0 
  156    no        5.5        0.0        1.6      486.6     31.068      760.0    23612.0 
  158    no  4958724.9       43.0        0.0      497.6      0.218     8294.0     1807.0 
  159    no  4958815.9       23.4        0.0      498.9      0.485     1807.0      877.0 
  160    no  4958882.2       12.1        0.0      499.8      2.060      877.0     1807.0 
  161    no       78.1        2.6       23.5      506.2      0.202     4348.0      877.0 
  162    no       25.5        0.3       11.1      518.7      8.358     4550.0    38028.0 
  163    no  4960424.5      109.8        0.0      520.8      0.343    38028.0    13052.0 
  164    no  4960495.5      103.2        0.0      521.8      2.914    13052.0    38028.0 
  168    no  4962126.9       23.8        0.0      544.2     10.980      810.0     8894.0 
  169    no       77.7        0.2        1.1      547.3      6.962      635.0     4421.0 
  171    no       77.7       16.1        0.0      552.2      4.267     1036.0     4421.0 
  176    no       18.3        0.0        3.2      601.8    225.241      644.0   145055.0 
  177    no       10.6        0.0        4.4      616.5      2.205     2668.0     5882.0 
  179    no       76.9        0.1        0.7      634.6     23.882     1790.0    42749.0 
  181    no       23.1        0.0        1.4      647.4     18.163      569.0    10335.0 
  183    no  4970027.5      156.3        0.0      654.5      6.935     9074.0    62931.0 
  184    no  4970078.8      163.2        0.0      655.2      0.144    62931.0     9074.0 
  185    no  4970227.1       16.6        0.0      657.4      0.778      477.0      371.0 
  186    no  4970337.9        8.9        0.0      658.9      1.286      371.0      477.0 
  187    no       11.0        0.1        2.3      666.1      0.239     1113.0      266.0 
  188    no       76.6        0.1        1.7      671.0      4.184      266.0     1113.0 
  189    no        4.6        0.0        1.6      676.2      0.535      720.0      385.0 
  190    no       76.5        0.3        2.4      678.3      1.870      385.0      720.0 
  191    no  4972611.1       23.3        0.0      691.3      0.840     2470.0     2074.0 
  192    no  4972671.5       28.9        0.0      692.2      1.191     2074.0     2470.0 
  193    no  4972756.5       25.8        0.0      693.4      0.279     7444.0     2074.0 
  194    no  4973389.2       78.1        0.0      702.5      0.547    10933.0     5982.0 
  195    no  4973421.3       80.3        0.0      702.9      1.828     5982.0    10933.0 
  196    no  4974658.7        8.5        0.0      720.7      0.845      961.0      812.0 
  197    no  4974738.7        9.5        0.0      721.9      1.183      812.0      961.0 
  198    no  4974993.8       14.1        0.0      725.6     10.302      662.0     6820.0 
  200    no  4975163.3       17.0        0.0      728.0     13.834      493.0     6820.0 
  201    no  4975431.4        8.2        0.0      731.9      2.305      832.0     1918.0 
  202    no  4975523.8       12.0        0.0      733.2      0.434     1918.0      832.0 
  204    no  4976088.7       14.2        0.0      741.4      0.411     1446.0      595.0 
  205    no  4976162.6       10.3        0.0      742.5      2.430      595.0     1446.0 
  206    no  4976403.1        6.3        0.0      746.0      0.696      746.0      519.0 
  207    no  4976478.7       11.8        0.0      747.1      1.437      519.0      746.0 
  209    no  4976707.8       13.8        0.0      750.4      0.449     1266.0      569.0 
  210    no  4976769.4        7.7        0.0      751.3      2.225      569.0     1266.0 
  211    no  4976874.9        7.4        0.0      752.9      1.284      443.0      569.0 
  213    no  4977452.8       24.5        0.0      761.3     17.907      514.0     9204.0 
  214    no  4977524.1       14.9        0.0      762.3      0.186     2761.0      514.0 
  216    no        5.6        0.0        4.7      772.6      0.495     2696.0     1335.0 
  217    no       57.8        0.2        2.2      779.8      1.038     1335.0     1386.0 
  218    no       75.5        1.4       10.2      783.7      0.963     1386.0     1335.0 
  219    no  4979865.1       12.4        0.0      796.6      0.401     1036.0      415.0 
  220    no  4979972.5       13.4        0.0      798.2      1.393      415.0      578.0 
  221    no  4980039.7       34.9        0.0      799.2      0.718      578.0      415.0 
  225    no  4981629.5       10.5        0.0      822.7      0.198     2062.0      409.0 
  226    no  4981724.6        8.2        0.0      824.2      5.042      409.0     2062.0 
  227    no  4981874.4       13.6        0.0      826.4      0.127     2701.0      343.0 
  228    no  4981933.8       11.5        0.0      827.3      7.875      343.0     2701.0 
  229    no       10.0        0.1      629.5      835.5      0.001   262655.0      343.0 
  230    no  4983531.4       16.2        0.0      851.1      0.178     7231.0     1287.0 
  231    no  4983616.6        9.4        0.0      852.4      5.618     1287.0     7231.0 
  232    no       74.8       27.0       26.3      859.7      2.750      468.0     1287.0 
  233    no       74.7        0.4        8.6      868.0      0.367     1275.0      468.0 
  234    no       18.4        0.4     1433.1      878.7      0.039   538406.0    20889.0 
  236    no  4986048.1       26.7        0.0      888.9     23.210      900.0    20889.0 
  237    no       50.4        0.0        5.5      893.3      0.398     2260.0      900.0 
  238    no       74.4       10.8       14.9      902.1     15.504     1314.0    20372.0 
  239    no       74.4        nan       52.5      905.3      0.040    20372.0      821.0 
