   ID    ok   Diff(mA)       chi2        SNR     Diff/R      I1/I0         I0         I1 
    6    no       80.2       26.8      127.2       24.8     17.559      429.0     7533.0 
    7    no  4756533.7       17.6        0.0       27.7      0.269     7533.0     2026.0 
    8    no  4756620.1       16.1        0.0       28.8      6.217     2026.0    12596.0 
    9    no  4756701.3       24.2        0.0       29.8      0.161    12596.0     2026.0 
   10    no  4757136.0       10.5        0.0       35.3     10.870     4138.0    44981.0 
   11    no       80.0        1.0      189.9       36.3      0.041    44981.0     1857.0 
   12    no  4757302.4      103.0        0.0       37.3     24.222     1857.0    44981.0 
   13    no  4757416.2       25.1        0.0       38.8      0.471     3939.0     1857.0 
   14    no  4758005.9       27.6        0.0       46.2      2.059    27306.0    56217.0 
   15    no  4758078.2      145.7        0.0       47.1      1.796    56217.0   100946.0 
   16    no  4758149.2      297.4        0.0       48.0      0.557   100946.0    56217.0 
   17    no       79.0        3.3      121.0       49.8      3.686    27389.0   100946.0 
   18    no       34.3        1.1        5.2       55.7      1.251     2951.0     3691.0 
   19    no       63.5        2.1       14.0       61.1      1.058     3691.0     3904.0 
   20    no  4759584.9       16.3        0.0       66.1      3.445     3904.0    13450.0 
   21    no  4759688.2       35.8        0.0       67.4      0.290    13450.0     3904.0 
   22    no  4760054.7        4.9        0.0       72.1     19.214      700.0    13450.0 
   23    no  4760433.6        6.0        0.0       76.9      0.867     1145.0      993.0 
   24    no       63.8        1.9       12.2       79.5      1.153      993.0     1145.0 
   25    no       61.5        0.1       11.4       83.3     15.542     1406.0    21852.0 
   26    no       55.5        0.3      253.2       85.4      0.064    21852.0     1406.0 
   27    no       58.0        0.2       52.7       95.0      0.157     3902.0      614.0 
   28    no       79.4       32.6       47.0       97.4     10.748      614.0     6599.0 
   29    no  4762230.1       16.9        0.0       99.7      0.214     6599.0     1414.0 
   30    no  4762302.8       25.0        0.0      100.6      4.667     1414.0     6599.0 
   31    no       46.4        0.5       91.6      103.5      0.148     9562.0     1414.0 
   32    no  4763726.7       17.5        0.0      118.8      3.237     1019.0     3299.0 
   33    no  4763787.6       20.8        0.0      119.6      0.309     3299.0     1019.0 
   34    no       79.2        0.1        0.0      121.9      2.967     1112.0     3299.0 
   35    no       39.0        1.5     1487.9      126.8      0.004   297423.0     1112.0 
   36    no       36.3        0.6      514.9      142.9      0.006   105963.0      612.0 
   37    no  4765843.8       12.8        0.0      146.1      1.768      612.0     1082.0 
   38    no       78.9        0.3        5.2      147.8      0.579     1082.0      627.0 
   39    no       24.2        0.0        5.6      149.4      1.726      627.0     1082.0 
   40    no       35.3        0.1       10.0      152.0      0.139     4500.0      627.0 
   41    no       29.0        0.9     2451.5      155.8      0.009   511831.0     4500.0 
   42    no       28.0        1.3       19.0      160.5    191.196     2677.0   511831.0 
   43    no       26.6        0.0       12.7      167.3      2.308     1160.0     2677.0 
   44    no  4768061.3       44.3        0.0      174.8      0.881    10275.0     9056.0 
   45    no  4768166.5       44.7        0.0      176.2      1.135     9056.0    10275.0 
   46    no       40.5        1.7      130.8      182.8      0.127    71205.0     9056.0 
   47    no  4770280.3        8.3        0.0      203.7      6.408      691.0     4428.0 
   48    no  4770386.6       21.6        0.0      205.1      0.946     4428.0     4188.0 
   49    no  4770444.2       21.6        0.0      205.9      1.057     4188.0     4428.0 
   50    no  4770582.6       26.9        0.0      207.7      0.250     7945.0     1983.0 
   51    no  4770656.0       33.3        0.0      208.7      4.007     1983.0     7945.0 
   52    no  4770744.6       33.4        0.0      209.8      4.745     1600.0     7592.0 
   53    no  4770798.6       34.0        0.0      210.5      0.211     7592.0     1600.0 
   54    no  4771867.0        7.5        0.0      224.6      2.089      620.0     1295.0 
   55    no  4771981.8        8.4        0.0      226.1      0.282     1295.0      365.0 
   56    no  4772068.1        6.9        0.0      227.2      3.548      365.0     1295.0 
   57    no  4772293.3        5.9        0.0      230.2      0.598      610.0      365.0 
   58    no       16.7        0.1       16.4      236.8      0.216     3855.0      834.0 
   59    no       78.0        1.6       15.5      239.0      3.927      834.0     3275.0 
   60    no       78.0        1.4       25.2      240.9     14.836     3275.0    48589.0 
   61    no       11.2        0.1      247.9      242.7      0.067    48589.0     3275.0 
   62    no       77.8        0.9        0.7      261.9      2.893      654.0     1892.0 
   63    no       12.6        0.0       10.3      263.8      0.346     1892.0      654.0 
   64    no       16.1        0.0        6.0      266.9      0.943      792.0      747.0 
   65    no       77.7        0.3        3.6      268.6     91.116      747.0    68064.0 
   67    no  4775371.9      137.0        0.0      271.0     36.891     1845.0    68064.0 
   68    no  4775480.0       14.0        0.0      272.4      3.236      690.0     2233.0 
   69    no  4775543.8       10.2        0.0      273.2      0.309     2233.0      690.0 
   75    no       72.2        5.0        1.3      314.7      2.410     4270.0    10289.0 
   76    no  4779589.6       59.0        0.0      327.5      0.245    10289.0     2521.0 
   77    no  4779658.3      108.3        0.0      328.4      4.081     2521.0    10289.0 
   79    no       34.1        0.2       21.2      332.0     15.529     5018.0    77924.0 
   80    no       73.7       89.1        0.2      336.0      5.626      892.0     5018.0 
   81    no       77.0       96.9        0.0      341.6     30.977     1100.0    34075.0 
   86    no  4781602.6       27.7        0.0      354.8      2.003     1745.0     3495.0 
   87    no  4781668.2       17.1        0.0      355.7      0.499     3495.0     1745.0 
   88    no  4781752.2       14.5        0.0      356.8      1.192     1055.0     1258.0 
   89    no  4781834.0       10.8        0.0      357.9      2.017     1258.0     2537.0 
   90    no  4781893.2        7.9        0.0      358.7      0.496     2537.0     1258.0 
   91    no  4782224.1        6.9        0.0      363.2      0.719     1082.0      778.0 
   92    no  4782292.4        7.4        0.0      364.2      1.391      778.0     1082.0 
   93    no  4782370.3        7.1        0.0      365.2      0.205     2083.0      427.0 
   94    no  4782444.8        4.8        0.0      366.2      4.878      427.0     2083.0 
   96    no  4783439.9        7.2        0.0      379.8      1.106      837.0      926.0 
   97    no  4783520.1       12.8        0.0      380.9      0.904      926.0      837.0 
   98    no       17.0       22.5       38.0      382.5      0.134     6885.0      926.0 
  100    no       76.6      132.3      415.7      388.0      0.021    35259.0      741.0 
  101    no  4784161.5       11.6        0.0      389.7      0.842      741.0      624.0 
  102    no  4784243.5        7.9        0.0      390.8      1.188      624.0      741.0 
  103    no  4784361.6        8.9        0.0      392.4      2.050      841.0     1724.0 
  104    no  4784438.3        8.3        0.0      393.5      0.488     1724.0      841.0 
  107    no       76.5        2.7        0.0      403.0     10.363      446.0     4622.0 
  109    no  4785659.9       12.9        0.0      410.3      0.195     3126.0      610.0 
  110    no  4785723.9       16.9        0.0      411.2      4.636      610.0     2828.0 
  111    no  4785772.4       14.3        0.0      411.8      0.216     2828.0      610.0 
  113    no  4786238.3       38.3        0.0      418.2     17.006     1071.0    18213.0 
  115    no       37.1       44.1        5.6      425.0      0.047    18259.0      858.0 
  116    no  4786794.3       24.0        0.0      425.9     21.281      858.0    18259.0 
  117    no       75.0      969.8       14.9      427.6      0.466     1843.0      858.0 
  119    no  4787373.5       14.6        0.0      434.0      0.207     2667.0      553.0 
  120    no  4787432.0       11.2        0.0      434.8      4.823      553.0     2667.0 
  121    no  4787670.7       16.4        0.0      438.1      0.214     2011.0      431.0 
  122    no  4787740.9       20.3        0.0      439.1      4.666      431.0     2011.0 
  123    no  4787821.7       19.7        0.0      440.2      0.173     2486.0      431.0 
  124    no       76.0        0.7        0.0      450.2      9.550      786.0     7506.0 
  125    no  4788677.0       19.4        0.0      452.1      0.265     7506.0     1988.0 
  126    no  4788746.2       14.1        0.0      453.0      3.776     1988.0     7506.0 
  131    no       75.8        0.2        8.3      480.9      0.536      990.0      531.0 
  132    no       10.9        0.0        2.5      483.6      1.864      531.0      990.0 
  134    no       57.0        0.3        0.0      494.5      5.136     2335.0    11992.0 
  135    no  4791920.1       14.8        0.0      497.4      1.057     1826.0     1930.0 
  136    no  4791994.6       61.5        0.0      498.5      0.946     1930.0     1826.0 
  143    no       53.5        0.0        2.2      545.1      1.583      834.0     1320.0 
  144    no  4795417.1        5.7        0.0      546.9      0.520     1320.0      687.0 
  145    no  4795494.6        6.4        0.0      548.0      1.921      687.0     1320.0 
  148    no  4796242.9       17.3        0.0      558.7      0.125     8396.0     1053.0 
  149    no  4796301.4       16.3        0.0      559.5      7.973     1053.0     8396.0 
  150    no  4796831.8       12.0        0.0      567.1      1.541     1083.0     1669.0 
  151    no  4796896.2       11.7        0.0      568.0      0.649     1669.0     1083.0 
  152    no  4797423.0       17.2        0.0      575.6      8.789     1235.0    10854.0 
  153    no  4797497.3       32.0        0.0      576.6      0.125    10854.0     1354.0 
  154    no  4797569.0       22.8        0.0      577.7      8.016     1354.0    10854.0 
  155    no       22.1        0.4       32.5      583.4      0.194     7084.0     1376.0 
  156    no  4798102.6       12.0        0.0      585.3      0.605     1376.0      832.0 
  157    no  4798164.2        8.8        0.0      586.2      1.654      832.0     1376.0 
  158    no       74.7        0.4        5.5      592.4      0.280     2973.0      832.0 
  159    no  4799668.8        7.7        0.0      607.9      1.737     1024.0     1779.0 
  160    no  4799759.4       11.3        0.0      609.2      0.576     1779.0     1024.0 
  161    no       74.6        0.2       13.9      613.5     10.153     2444.0    24815.0 
  163    no       62.3        0.1        3.7      621.3     61.423      404.0    24815.0 
  166    no       45.6        0.0        3.8      642.7      7.591     1269.0     9633.0 
  169    no       74.0        0.0        1.8      678.9     11.997      708.0     8494.0 
  171    no       73.9        0.7        3.2      690.9      4.682     1198.0     5609.0 
  172    no       73.7       14.1       93.2      707.2      0.213     4964.0     1055.0 
  173    no  4807082.1       13.0        0.0      716.4      1.712     1055.0     1806.0 
  174    no  4807172.5       19.7        0.0      717.7      0.279     1806.0      503.0 
  175    no  4807253.0       14.9        0.0      718.9      3.590      503.0     1806.0 
  176    no  4807334.6       10.4        0.0      720.1      1.254      401.0      503.0 
  177    no  4807461.3        9.6        0.0      722.0      1.068      885.0      945.0 
  178    no  4807550.4        8.8        0.0      723.3      0.937      945.0      885.0 
  179    no       10.3        0.4        5.5      741.3    276.694     1804.0   499156.0 
  181    no  4809960.3        9.5        0.0      759.2      0.428     1847.0      791.0 
  182    no  4810064.1        7.4        0.0      760.8      2.335      791.0     1847.0 
  185    no  4810876.2        6.7        0.0      772.9      1.119      866.0      969.0 
  186    no  4810943.9        7.3        0.0      774.0      0.894      969.0      866.0 
  187    no  4811051.5        9.8        0.0      775.6      0.440     2204.0      969.0 
  188    no       73.1        0.9        0.0      778.5      1.371      585.0      802.0 
  189    no  4811368.3        6.4        0.0      780.3      1.625      802.0     1303.0 
  190    no  4811474.4        6.8        0.0      781.9      0.576     1303.0      751.0 
  191    no  4811564.9        6.0        0.0      783.3      1.735      751.0     1303.0 
  192    no  4812026.7       13.1        0.0      790.3      0.201     1943.0      390.0 
  193    no  4812099.6        9.9        0.0      791.4      4.982      390.0     1943.0 
  195    no       64.9       13.1        0.2      799.5     31.238     1992.0    62227.0 
  196    no  4812935.8       78.7        0.0      804.0     17.485     3500.0    61199.0 
  198    no       72.9        0.1       10.9      807.1     48.764     1255.0    61199.0 
  201    no       71.2      141.1        7.9      822.6    305.247      944.0   288153.0 
  204    no  4815342.0       15.9        0.0      840.5      1.910      823.0     1572.0 
  205    no  4815389.5       21.9        0.0      841.3      0.524     1572.0      823.0 
  206    no  4815463.2       20.6        0.0      842.4      0.229     6871.0     1572.0 
  207    no  4815558.5       11.4        0.0      843.8      8.708      789.0     6871.0 
  208    no  4815833.1        6.7        0.0      848.0      0.683      704.0      481.0 
  209    no  4815888.5        6.2        0.0      848.9      1.464      481.0      704.0 
  210    no       72.5        0.2        6.0      852.6      0.581      828.0      481.0 
  212    no  4817319.9       10.2        0.0      870.8      3.274      959.0     3140.0 
  213    no       15.2        0.4        8.4      872.7      0.305     3140.0      959.0 
  214    no       46.7        0.6        0.8      875.0      2.302     1364.0     3140.0 
  215    no  4817832.4       14.4        0.0      878.7      0.150     3398.0      510.0 
  216    no  4817909.0        9.1        0.0      879.9      6.663      510.0     3398.0 
  217    no  4818105.5        6.6        0.0      882.9      0.230     1828.0      421.0 
  218    no  4818161.0        6.6        0.0      883.7      4.342      421.0     1828.0 
  221    no       61.9        2.7        1.8      894.8      0.058     8527.0      491.0 
  222    no  4818955.1       18.4        0.0      896.0      3.240      491.0     1591.0 
  223    no  4819020.9       16.6        0.0      897.0      0.309     1591.0      491.0 
  225    no  4819509.4       29.3        0.0      904.4      2.541     6910.0    17556.0 
  226    no  4819574.7       41.1        0.0      905.4      0.394    17556.0     6910.0 
