   ID    ok   Diff(mA)       chi2        SNR     Diff/R      I1/I0         I0         I1 
    4    no  6085256.2     1071.0        0.0       19.4     10.671    42636.0   454967.0 
    5    no       65.2        5.6      387.1       20.6      0.094   454967.0    42636.0 
    6    no       27.8        0.3       30.5       25.5      0.097    42490.0     4136.0 
    7    no  6085956.7       61.3        0.0       26.2     10.273     4136.0    42490.0 
    8    no       57.4        0.2        5.7       31.0      1.805     4115.0     7429.0 
    9    no       80.8        0.1        7.3       33.4      0.554     7429.0     4115.0 
   10    no       57.7        1.3      126.2       38.9      0.131    56796.0     7429.0 
   11    no       60.8       16.2     1039.9       46.4      0.052  1081874.0    56796.0 
   12    no       85.8        0.3        4.7       54.2      0.271     7111.0     1929.0 
   13    no      102.9        0.1        4.1       57.0      3.686     1929.0     7111.0 
   14    no       48.6        0.0       25.7       63.9      2.138     2523.0     5393.0 
   15    no      102.7        4.7        7.4       66.8      0.468     5393.0     2523.0 
   16    no       68.6       59.5        2.3       70.2      0.200    27027.0     5393.0 
   17    no       56.3        0.9      127.6       73.5      0.030   203328.0     6026.0 
   18    no      102.6        0.2        7.4       75.2     33.742     6026.0   203328.0 
   19    no       27.6        1.8        1.3       95.6      2.053     3795.0     7790.0 
   20    no       48.0        0.0        9.1      115.9      0.325     7790.0     2534.0 
   21    no  6095224.8       38.9        0.0      117.6      3.074     2534.0     7790.0 
   22    no       30.0        0.0        3.5      119.7      1.151     2202.0     2534.0 
   23    no  6095988.7       33.6        0.0      125.3      2.028     1086.0     2202.0 
   24    no  6097193.2       83.4        0.0      137.4      0.150    11450.0     1722.0 
   25    no  6097286.6       62.9        0.0      138.4      6.649     1722.0    11450.0 
   26    no  6097411.5       51.9        0.0      139.6      0.725     2376.0     1722.0 
   27    no      101.4        0.6        0.4      141.5      0.615     3865.0     2376.0 
   28    no  6097817.8       48.0        0.0      143.7      0.629     6142.0     3865.0 
   29    no       26.8        0.3      103.2      146.8      0.036    98402.0     3569.0 
   30    no       66.9        0.0        6.7      148.8     27.571     3569.0    98402.0 
   31    no       24.2        2.6      433.7      153.7      0.173   626922.0   108574.0 
   32    no       24.7        0.4      242.1      156.5      5.774   108574.0   626922.0 
   33    no       24.4        0.0       15.6      165.7      6.757    16069.0   108574.0 
   34    no       15.0        0.1       69.5      177.7      0.017   118696.0     2066.0 
   35    no      100.8      105.1       35.9      179.9      0.970     2066.0     2004.0 
   36    no      100.8        3.2        7.4      181.7    222.679     2004.0   446249.0 
   37    no       18.7        3.3      486.8      183.5      0.004   446249.0     2004.0 
   38    no      100.7        0.3       23.8      185.4     69.585     6413.0   446249.0 
   39    no       17.8        0.3     1021.2      192.4      0.036   729811.0    26237.0 
   40    no  6102719.1      331.8        0.0      193.6     27.816    26237.0   729811.0 
   41    no  6103538.8      443.6        0.0      202.1      0.261   116573.0    30469.0 
   42    no  6103640.3      315.7        0.0      203.1      3.826    30469.0   116573.0 
   43    no  6104020.1       30.9        0.0      207.0      0.502     3042.0     1527.0 
   44    no  6104166.3       31.3        0.0      208.5      1.992     1527.0     3042.0 
   45    no      100.2        4.1        5.1      216.6    454.559     1468.0   667292.0 
   47    no        1.7        0.0        4.3      233.8     13.358     2204.0    29442.0 
   49    no  6106920.5       77.7        0.0      237.0     10.385     2835.0    29442.0 
   51    no  6108280.3       67.5        0.0      251.2      0.189    18993.0     3582.0 
   52    no  6108398.0       64.2        0.0      252.4      0.379     3582.0     1358.0 
   53    no  6108485.8       42.5        0.0      253.3      2.638     1358.0     3582.0 
   54    no  6109150.9       84.4        0.0      260.3      0.564    11399.0     6427.0 
   55    no  6109213.9       71.5        0.0      260.9      1.774     6427.0    11399.0 
   56    no  6109643.1       27.2        0.0      265.4      2.368     1012.0     2396.0 
   57    no  6109709.3       27.2        0.0      266.1      0.422     2396.0     1012.0 
   58    no  6110666.9       21.4        0.0      276.2      2.873      834.0     2396.0 
   64    no  6118050.5       19.8        0.0      354.5      0.283     2846.0      806.0 
   65    no  6118144.6       21.2        0.0      355.5      3.531      806.0     2846.0 
   66    no       96.7        0.3        0.1      357.9      2.357      342.0      806.0 
   67    no  6119665.9      376.2        0.0      371.8      1.138    77659.0    88341.0 
   68    no  6119703.2      326.2        0.0      372.2      0.879    88341.0    77659.0 
   69    no  6120091.6       84.2        0.0      376.4      0.177    18074.0     3192.0 
   70    no  6120252.8       40.8        0.0      378.1      1.891     3192.0     6036.0 
   71    no  6120352.3       34.5        0.0      379.2      0.529     6036.0     3192.0 
   74    no       97.6        1.6       29.4      399.3      0.057    72495.0     4114.0 
   75    no  6122353.2      168.9        0.0      400.8     17.622     4114.0    72495.0 
   76    no  6122492.0      135.6        0.0      402.3      0.972     3840.0     3733.0 
   77    no  6122624.3      131.3        0.0      403.8      0.967     3733.0     3611.0 
   78    no  6122747.4      122.2        0.0      405.1      1.034     3611.0     3733.0 
   79    no       80.6        5.5        3.5      406.7      1.098     3289.0     3611.0 
   80    no       87.9       16.3        0.0      408.3      1.076     3058.0     3289.0 
   81    no       97.5      251.6       91.4      410.0      0.771     3966.0     3058.0 
   83    no       97.4       25.2        0.0      413.5     44.496     2256.0   100384.0 
   84    no  6123710.6      114.1        0.0      415.5     47.428     2477.0   117480.0 
   86    no  6124069.0      128.3        0.0      419.4      0.042    34424.0     1453.0 
   87    no       97.3       41.2        0.0      421.8    329.369     1453.0   478573.0 
   89    no  6124587.0      323.2        0.0      425.1      0.270     4087.0     1102.0 
   90    no  6124687.8       62.7        0.0      426.2      3.709     1102.0     4087.0 
   91    no  6125608.7       34.3        0.0      436.2     14.935     1202.0    17952.0 
   93    no       14.6        0.0       11.0      441.3      0.808    22207.0    17952.0 
   94    no        3.0        0.7        1.6      447.7     17.625     1260.0    22207.0 
   95    no       12.2        4.7        6.1      460.5      1.867     2737.0     5110.0 
   96    no       11.2        0.1       14.6      463.9      5.837     5110.0    29828.0 
   97    no  6128337.2      116.1        0.0      466.1      0.845    29828.0    25215.0 
   98    no  6128442.9      122.8        0.0      467.2      1.183    25215.0    29828.0 
   99    no       15.8        0.0       60.8      470.3      0.312    80855.0    25215.0 
  101    no  6129317.5       36.0        0.0      476.8      0.716     2609.0     1869.0 
  102    no  6129411.0      115.3        0.0      477.8      8.120     1869.0    15176.0 
  103    no  6129490.0      172.6        0.0      478.7      2.559    15176.0    38837.0 
  104    no  6129547.4      150.1        0.0      479.3      0.391    38837.0    15176.0 
  105    no  6129694.7       61.0        0.0      481.0      2.492     1422.0     3544.0 
  106    no  6129768.7       61.8        0.0      481.8      0.401     3544.0     1422.0 
  109    no  6130756.4       63.7        0.0      492.7      0.806     5038.0     4063.0 
  110    no  6130840.2       72.4        0.0      493.6      1.240     4063.0     5038.0 
  111    no  6131211.2       77.0        0.0      497.7      0.187     4061.0      758.0 
  112    no  6131390.7       17.5        0.0      499.7      5.358      758.0     4061.0 
  113    no  6131590.2       79.4        0.0      501.9      1.422     4147.0     5896.0 
  114    no  6131666.5       69.7        0.0      502.7      0.703     5896.0     4147.0 
  115    no  6131751.0       24.9        0.0      503.6      5.246     1124.0     5896.0 
  116    no       96.3       42.6        0.0      508.8      2.108     1912.0     4030.0 
  117    no  6132369.0       88.0        0.0      510.5      0.615     4030.0     2479.0 
  118    no  6132417.1       77.1        0.0      511.0      1.626     2479.0     4030.0 
  119    no  6132770.9      117.6        0.0      514.9      7.514     4407.0    33112.0 
  120    no  6132861.8      123.0        0.0      515.9      0.133    33112.0     4407.0 
  122    no  6133178.1      127.3        0.0      519.4      0.380     4405.0     1674.0 
  123    no  6133269.4       52.5        0.0      520.4      2.631     1674.0     4405.0 
  124    no  6133593.5       87.7        0.0      524.0      0.166     4599.0      762.0 
  125    no  6133669.5       64.5        0.0      524.9      6.035      762.0     4599.0 
  126    no        2.6       11.2       23.0      526.5      0.020    38184.0      762.0 
  128    no  6134448.3       93.0        0.0      533.5      0.924     4223.0     3903.0 
  129    no  6134551.0       74.2        0.0      534.7      1.082     3903.0     4223.0 
  130    no       95.9       49.1        0.0      541.3      3.437     1206.0     4145.0 
  135    no       74.2        7.6        0.1      562.1      1.122     3316.0     3722.0 
  142    no  6140598.1       51.6        0.0      602.2      1.854     1800.0     3337.0 
  143    no  6140699.0      100.7        0.0      603.4      3.757     3337.0    12536.0 
  144    no  6140765.2       84.9        0.0      604.1      0.266    12536.0     3337.0 
  145    no  6140884.1       35.1        0.0      605.4      0.159     6041.0      958.0 
  146    no  6140983.5       19.1        0.0      606.6      6.306      958.0     6041.0 
  148    no  6141633.9       34.5        0.0      613.9      5.152     1233.0     6353.0 
  149    no  6141756.9       85.8        0.0      615.3      0.194     6353.0     1233.0 
  152    no       32.6        5.7        1.2      624.9      0.703     3504.0     2463.0 
  155    no  6144278.3       18.6        0.0      643.7      0.416     1640.0      683.0 
  156    no  6144407.3       17.0        0.0      645.1      2.401      683.0     1640.0 
  157    no       94.8       28.7       26.1      646.9      0.352     1941.0      683.0 
  159    no       94.7        2.6       63.1      655.1     39.007    20776.0   810409.0 
  161    no  6147467.2       94.3        0.0      679.8      0.925     1698.0     1571.0 
  162    no  6147602.6      104.6        0.0      681.3      1.081     1571.0     1698.0 
  163    no  6147742.5       60.3        0.0      682.9      1.052     1217.0     1280.0 
  164    no  6147876.9       63.0        0.0      684.4      3.400     1280.0     4352.0 
  165    no  6147955.0       96.8        0.0      685.3      0.294     4352.0     1280.0 
  166    no  6148068.6      210.4        0.0      686.6      0.748     6910.0     5168.0 
  167    no  6148180.0      240.5        0.0      687.8      0.301     5168.0     1556.0 
  168    no  6148260.7      187.8        0.0      688.8      3.321     1556.0     5168.0 
  169    no  6148354.7      139.9        0.0      689.8      0.318     4896.0     1556.0 
  170    no  6148472.8      113.4        0.0      691.2      1.195     1576.0     1884.0 
  171    no  6148551.4      106.1        0.0      692.1      0.837     1884.0     1576.0 
  172    no  6148675.0      106.0        0.0      693.5      0.981     2072.0     2032.0 
  173    no  6148788.2      123.4        0.0      694.7      1.016     2032.0     2064.0 
  174    no  6148886.8      111.0        0.0      695.9      0.984     2064.0     2032.0 
  175    no       15.5        0.5       97.0      716.3      0.094    94756.0     8915.0 
  176    no       66.5        1.2       13.5      725.8    148.056     8915.0  1319919.0 
  179    no  6153321.4       60.0        0.0      746.4      0.792     2121.0     1679.0 
  180    no  6153436.1       92.9        0.0      747.7      1.167     1679.0     1960.0 
  181    no  6153531.6       62.8        0.0      748.8      0.857     1960.0     1679.0 
  182    no       93.4       77.4        2.6      751.3      0.670     2926.0     1960.0 
  183    no       17.2        0.3      306.6      754.9      0.010   299644.0     2926.0 
  184    no  6154415.2      184.8        0.0      758.9     27.934     5266.0   147100.0 
  185    no       12.8        0.0      148.3      760.0      0.036   147100.0     5266.0 
  186    no       21.8        0.1      238.1      768.3      0.099   417285.0    41353.0 
  187    no  6155471.8      419.6        0.0      771.0     10.391    41353.0   429680.0 
  188    no       15.0        0.3      410.7      772.2      0.096   429680.0    41353.0 
  189    no       22.3        0.1       18.1      775.2    150.396     2857.0   429680.0 
  190    no  6156104.4       59.7        0.0      778.2      0.489     5838.0     2857.0 
  191    no  6156227.3       92.0        0.0      779.6      2.043     2857.0     5838.0 
  192    no       93.6       18.3        2.3      782.0      1.773     1955.0     3467.0 
  193    no  6156615.0       59.7        0.0      784.0      0.572     3467.0     1984.0 
  194    no  6156752.1       55.7        0.0      785.6      1.747     1984.0     3467.0 
  195    no       23.2        0.1      239.0      789.4      0.013   283296.0     3678.0 
  196    no  6157411.9       72.4        0.0      793.2      0.156     3678.0      575.0 
  197    no  6157537.1       52.3        0.0      794.6      6.397      575.0     3678.0 
  198    no  6158112.9       50.4        0.0      801.2      1.608     1363.0     2192.0 
  199    no  6158212.5       72.4        0.0      802.3      0.347     2192.0      760.0 
  200    no  6158306.8       62.7        0.0      803.4      0.366      760.0      278.0 
  201    no  6158390.9       57.2        0.0      804.4      2.734      278.0      760.0 
  202    no  6158479.6       57.5        0.0      805.4      0.207     1343.0      278.0 
  203    no  6158627.9       54.7        0.0      807.1      0.360     2280.0      821.0 
  204    no  6158751.3       48.8        0.0      808.5      1.778      821.0     1460.0 
  205    no  6158851.5       46.3        0.0      809.7      0.562     1460.0      821.0 
  206    no       47.4        1.9       10.1      812.1      0.603     2676.0     1613.0 
  207    no       19.7        0.0       11.7      813.9      1.659     1613.0     2676.0 
  208    no  6159484.8       39.8        0.0      816.9      0.832     2336.0     1944.0 
  209    no  6159617.0       56.5        0.0      818.5      0.791     1944.0     1537.0 
  210    no  6159656.9       53.1        0.0      818.9      1.265     1537.0     1944.0 
  211    no       43.4        0.1      235.5      838.4      0.005   283185.0     1461.0 
  212    no  6161649.0       44.1        0.0      841.8      5.829     1461.0     8516.0 
  213    no  6161762.0       73.3        0.0      843.1      0.172     8516.0     1461.0 
  214    no       59.9        0.0       24.7      847.8      0.069   123168.0     8516.0 
  215    no  6162851.3       52.8        0.0      855.6      6.406     3744.0    23985.0 
  216    no  6162970.0       84.3        0.0      857.0      0.156    23985.0     3744.0 
  217    no       52.7        0.1       15.0      859.7      9.858     2433.0    23985.0 
  218    no       53.0        0.8       26.7      865.7      0.144    17479.0     2517.0 
  219    no       82.2        0.0        5.4      867.7      6.944     2517.0    17479.0 
  220    no       84.8        5.4       38.4      881.7      0.016    95976.0     1551.0 
  221    no  6165769.3       35.4        0.0      889.2      1.924     1551.0     2984.0 
  222    no  6165836.2       48.7        0.0      889.9      0.520     2984.0     1551.0 
  223    no  6165971.7       39.7        0.0      891.5      4.434      673.0     2984.0 
  224    no  6166314.6       44.4        0.0      895.4      3.044     1563.0     4758.0 
  225    no  6166432.3       62.5        0.0      896.7      0.959     4758.0     4565.0 
  226    no  6166536.3        nan        0.0      897.8      1.042     4565.0     4758.0 
