   ID    ok   Diff(mA)       chi2        SNR     Diff/R      I1/I0         I0         I1 
    5    no      115.1        0.0      252.5       21.0      0.088   161133.0    14156.0 
    6    no  6818386.1      131.3        0.0       21.8     11.383    14156.0   161133.0 
    7    no  6818530.8       51.9        0.0       23.1      3.409     4153.0    14156.0 
    8    no       38.0        0.7        3.7       27.2      0.526     7902.0     4153.0 
    9    no       64.6        1.0        4.6       32.1      0.767     4555.0     3494.0 
   10    no      112.9        0.6       10.9       34.2      1.304     3494.0     4555.0 
   11    no       26.1        0.1      173.3       66.8      0.016   179114.0     2884.0 
   12    no  6823818.7       39.9        0.0       69.5      2.460     2884.0     7095.0 
   13    no  6823916.7       45.9        0.0       70.4      0.406     7095.0     2884.0 
   14    no       16.2        0.1        2.1       72.1      1.230     5766.0     7095.0 
   15    no       18.4        0.3      782.3       77.1      0.007   861606.0     5766.0 
   16    no  6825937.9       22.4        0.0       88.3      1.676     1200.0     2011.0 
   17    no  6826032.4       26.4        0.0       89.2      0.597     2011.0     1200.0 
   18    no  6826148.9       24.6        0.0       90.2      1.218     1651.0     2011.0 
   19    no       18.0        0.3      380.2      100.0      0.008   622842.0     5111.0 
   20    no      113.6        1.9        7.3      108.6    321.884     5111.0  1645149.0 
   21    no       11.8        0.3     1756.0      116.0      0.034  1645149.0    55371.0 
   23    no       79.2        0.7        5.2      135.9      0.308     7466.0     2299.0 
   24    no  6832185.3       31.5        0.0      144.3      3.753     2299.0     8628.0 
   25    no  6832274.7       34.9        0.0      145.1      0.266     8628.0     2299.0 
   26    no       16.4        0.1       31.0      150.7      0.348    17209.0     5992.0 
   27    no  6833378.6       22.7        0.0      155.1      2.872     5992.0    17209.0 
   28    no       16.0        0.0       30.6      161.3      0.398    15070.0     5992.0 
   29    no       17.5        0.1       12.0      178.1      0.089    20905.0     1864.0 
   30    no      112.5        0.0        4.3      180.7     11.215     1864.0    20905.0 
   31    no  6836878.4       17.8        0.0      186.9      4.199     3776.0    15855.0 
   32    no       13.0        0.1       12.7      192.6      0.238    15855.0     3776.0 
   36    no       52.8        0.1        5.4      265.4      1.586     3294.0     5225.0 
   37    no       11.5        0.0        9.6      270.0      0.630     5225.0     3294.0 
   39    no  6846589.4      151.5        0.0      276.7     10.741    11693.0   125597.0 
   40    no  6847443.6       19.0        0.0      284.7      0.975     1543.0     1505.0 
   41    no  6847525.4       21.2        0.0      285.5      1.025     1505.0     1543.0 
   42    no  6847619.3       22.3        0.0      286.4      0.683     2205.0     1505.0 
   43    no      110.8        3.2        9.2      289.9      2.076     1062.0     2205.0 
   44    no  6849048.2       25.1        0.0      299.8      0.570     1863.0     1062.0 
   45    no  6850538.7       47.8        0.0      313.8      1.497     6030.0     9028.0 
   46    no  6850693.6       39.0        0.0      315.3      0.668     9028.0     6030.0 
   50    no  6854232.6      177.4        0.0      348.9     22.942    10880.0   249611.0 
   52    no  6854753.6       44.7        0.0      353.8      0.720     3724.0     2680.0 
   53    no  6854869.9       37.9        0.0      354.9      1.390     2680.0     3724.0 
   56    no  6856975.1       28.4        0.0      375.1      0.653     1589.0     1038.0 
   57    no  6857326.4       28.9        0.0      378.4      1.022     1038.0     1061.0 
   58    no  6857417.6       29.6        0.0      379.3      0.978     1061.0     1038.0 
   59    no  6857516.6       25.3        0.0      380.2      1.622      654.0     1061.0 
   60    no        4.3        1.7        4.9      393.8      0.695     2222.0     1545.0 
   61    no  6859782.8       30.0        0.0      402.0      0.460     1545.0      711.0 
   62    no  6859899.4       21.6        0.0      403.2      2.173      711.0     1545.0 
   64    no  6862758.3       33.0        0.0      430.8     12.076     1848.0    22316.0 
   65    no       10.1        0.5       20.1      431.9      0.083    22316.0     1848.0 
   66    no      108.8        1.3        0.0      434.1      8.247     2706.0    22316.0 
   69    no  6865395.5       19.6        0.0      456.5      0.363     2028.0      736.0 
   73    no        0.8        0.1        2.3      482.4     59.836     5247.0   313960.0 
   75    no       43.8        0.3       35.1      488.2     26.506    11845.0   313960.0 
   76    no       30.8       11.2        0.7      491.7     10.520     1126.0    11845.0 
   77    no  6870151.8       42.9        0.0      503.1      0.965     4819.0     4649.0 
   78    no  6870239.3       36.8        0.0      504.0      1.037     4649.0     4819.0 
   79    no  6872942.9       46.3        0.0      530.7     16.682     1018.0    16982.0 
   81    no  6874091.9       66.7        0.0      542.1      0.266    32566.0     8649.0 
   82    no  6874203.3       54.1        0.0      543.2      3.765     8649.0    32566.0 
   83    no        7.3       11.3     1806.7      548.7      0.016  1288850.0    21209.0 
   84    no      107.3        7.8       67.3      550.9     60.769    21209.0  1288850.0 
   85    no       65.6        0.4        5.6      564.1      0.198     6050.0     1196.0 
   86    no      107.0        0.9        2.6      574.1      2.455     1196.0     2936.0 
   89    no        3.2        0.0        3.2      585.2      4.580     4089.0    18726.0 
   93    no       86.6       25.1        0.5      632.8      2.379    28216.0    67139.0 
   96    no  6884402.2       21.9        0.0      645.7      1.641      676.0     1109.0 
   97    no  6884522.4       19.8        0.0      646.9      0.610     1109.0      676.0 
  101    no  6888721.0       47.0        0.0      689.6      8.014     3899.0    31248.0 
  102    no  6888834.4       65.4        0.0      690.8      0.125    31248.0     3899.0 
  103    no      105.6     1733.9       51.5      693.0      4.178     7480.0    31248.0 
  105    no       14.4        0.1       54.4      725.8      0.037    58232.0     2126.0 
  106    no  6892639.0       16.2        0.0      729.8      0.266     2126.0      566.0 
  107    no  6892779.7       19.0        0.0      731.3      3.756      566.0     2126.0 
  108    no        1.1        0.0        4.6      739.9     12.875     3907.0    50304.0 
  109    no  6894230.5       75.9        0.0      746.2      0.078    50304.0     3907.0 
  110    no  6895248.6      234.1        0.0      756.8      0.821    11926.0     9796.0 
  111    no  6895386.6      204.1        0.0      758.2      1.217     9796.0    11926.0 
  112    no  6895527.2      182.8        0.0      759.6      1.071     9150.0     9796.0 
  113    no  6895674.7      170.2        0.0      761.2      0.346     8702.0     3008.0 
  114    no  6895744.2      169.7        0.0      761.9      2.893     3008.0     8702.0 
  115    no  6895838.7      156.0        0.0      762.9      0.388     7747.0     3008.0 
  116    no       23.9        1.8       34.4      764.6      0.844     9174.0     7747.0 
  117    no      104.7        4.2       49.0      772.7      1.081     5752.0     6219.0 
  118    no       51.8        0.9       78.4      774.9      0.925     6219.0     5752.0 
  119    no  6897258.0      109.2        0.0      777.6      0.675     7675.0     5182.0 
  120    no       43.8        0.5       17.0      779.8      1.481     5182.0     7675.0 
  121    no  6900005.6      198.6        0.0      806.1      0.981    12732.0    12486.0 
  122    no  6900096.0      201.4        0.0      807.1      1.020    12486.0    12732.0 
  123    no  6900231.4      192.8        0.0      808.5      0.979    13158.0    12882.0 
  124    no  6900364.8      183.7        0.0      809.9      1.021    12882.0    13158.0 
  125    no  6900505.9      186.4        0.0      811.4      0.948    13582.0    12882.0 
  126    no  6900667.3      192.3        0.0      813.0      2.475    14515.0    35923.0 
  127    no  6900763.7      240.4        0.0      814.0      0.404    35923.0    14515.0 
  128    no  6900871.2      268.7        0.0      815.2      1.101    32642.0    35923.0 
  129    no  6901015.9      224.2        0.0      816.7      2.107    15492.0    32642.0 
  130    no       22.2        1.6       29.8      818.6      0.997    15538.0    15492.0 
  131    no       30.2        2.6      167.1      820.8      1.047    14837.0    15538.0 
  132    no       23.9        2.9       34.6      822.9      0.914    16238.0    14837.0 
  133    no       24.5        8.1       47.1      825.2      0.856    18967.0    16238.0 
  134    no  6902065.1      175.2        0.0      827.7      2.964    15323.0    45418.0 
  135    no  6902211.6      190.6        0.0      829.2      0.343    45418.0    15587.0 
  136    no  6902307.7      205.9        0.0      830.2      2.914    15587.0    45418.0 
  137    no  6902821.2      159.9        0.0      835.6      0.143    15230.0     2176.0 
  138    no  6902925.0      147.9        0.0      836.7      2.744     2176.0     5971.0 
  139    no  6902990.5      149.1        0.0      837.3      0.364     5971.0     2176.0 
  140    no  6903093.9      181.0        0.0      838.4      0.351    17005.0     5971.0 
  141    no       25.9       36.9       63.9      844.5      0.382    15187.0     5808.0 
  142    no  6903845.8      121.2        0.0      846.3      2.456     5808.0    14262.0 
  143    no       27.3        1.7       35.4      847.7      0.060    14262.0      862.0 
  144    no  6904081.6      133.7        0.0      848.8     16.545      862.0    14262.0 
  145    no       35.6       11.0       71.0      851.0      0.638    19102.0    12184.0 
  146    no  6904459.2      109.9        0.0      852.7      1.419    12184.0    17292.0 
  147    no  6904602.8      179.3        0.0      854.2      0.347    17292.0     6007.0 
  148    no  6904722.6      172.9        0.0      855.5      2.879     6007.0    17292.0 
  149    no       37.6        6.4       46.1      858.0      0.555    13400.0     7435.0 
  150    no  6905171.3       96.2        0.0      860.2      1.762     7435.0    13103.0 
  151    no  6905305.0      159.5        0.0      861.6      0.106    13103.0     1394.0 
  152    no  6905405.1      136.1        0.0      862.7      9.400     1394.0    13103.0 
  153    no  6905537.1       66.8        0.0      864.1      3.964     4152.0    16460.0 
  154    no  6905655.0      172.4        0.0      865.3      0.252    16460.0     4152.0 
  155    no      103.7       47.1       74.6      867.4      0.982    12286.0    12061.0 
  156    no  6906030.7      151.5        0.0      869.3      0.574    12061.0     6924.0 
  157    no  6906106.4      171.2        0.0      870.1      1.742     6924.0    12061.0 
  158    no       42.0       13.5       48.4      873.2      0.681    11504.0     7838.0 
  159    no  6906588.5      103.7        0.0      875.1      0.523     7838.0     4099.0 
  160    no  6906698.6      100.4        0.0      876.3      2.645     4099.0    10842.0 
  161    no  6906798.8      131.5        0.0      877.3      0.378    10842.0     4099.0 
  162    no  6907079.2       87.9        0.0      880.3      1.304     7883.0    10282.0 
  163    no  6907199.2      153.3        0.0      881.6      0.767    10282.0     7883.0 
  164    no      103.6       89.8        0.0      883.4      5.432     1893.0    10282.0 
  165    no       45.8        0.1       95.6      885.8      0.129    14667.0     1893.0 
  166    no  6908344.3       33.4        0.0      893.6      5.563     1592.0     8856.0 
  167    no  6908463.0      107.8        0.0      894.9      0.180     8856.0     1592.0 
  168    no  6908615.4      130.9        0.0      896.5      1.001     8843.0     8856.0 
  169    no  6908904.1      135.7        0.0      899.5      6.753     9768.0    65965.0 
  170    no  6908989.6      190.7        0.0      900.4      0.148    65965.0     9768.0 
  171    no  6909138.0      180.8        0.0      901.9      2.415     7754.0    18727.0 
  172    no  6909224.5        nan        0.0      902.7      0.414    18727.0     7754.0 
  173    no  6909358.7        nan        0.0        nan      2.443     7667.0    18727.0 
