   ID    ok   Diff(mA)       chi2        SNR     Diff/R      I1/I0         I0         I1 
    0    no       26.9        0.1      431.7       31.4      1.000        1.0        1.0 
    1    no        2.7        0.0       53.0        0.0      1.000        1.0        1.0 
    4    no        7.5       48.4      152.8       33.9      1.000        1.0        1.0 
    6    no       28.7      388.6    37524.3      106.6      1.000        1.0        1.0 
    7    no      133.1        0.9       60.7      119.6      1.000        1.0        1.0 
    8    no       14.4      464.2    38657.1      196.1      1.000        1.0        1.0 
   11    no      129.7    72660.2    22675.1      307.7      1.000        1.0        1.0 
   14    no       12.1        0.3       49.0      392.9      1.000        1.0        1.0 
   24    no       84.7        3.8       76.7      665.0      1.000        1.0        1.0 
