   ID    ok   Diff(mA)       chi2        SNR     Diff/R      I1/I0         I0         I1 
    0    no       27.4       25.8     6452.5       29.3      1.000        1.0        1.0 
    1    no       27.6        1.0       91.8        0.0      1.000        1.0        1.0 
    6    no      137.5     6147.5    12840.7      201.3      1.000        1.0        1.0 
    8    no      134.9        0.3        3.5      351.0      1.000        1.0        1.0 
   16    no        9.3     1362.6    89290.5      536.8      1.000        1.0        1.0 
   17    no       18.3        0.1       33.7      614.2      1.000        1.0        1.0 
   19    no       90.1      204.9       24.6      630.7      1.000        1.0        1.0 
   20    no       17.1        0.1       28.2      645.3      1.000        1.0        1.0 
   22    no      129.3        3.5       16.5      707.1      1.000        1.0        1.0 
