   ID    ok   Diff(mA)       chi2        SNR     Diff/R      I1/I0         I0         I1 
    7    no      105.7        5.0       11.1       28.5     18.504    16619.0   307510.0 
    8    no       51.2        3.5      151.4       30.7      0.054   307510.0    16619.0 
    9    no       54.9        0.1       13.0       40.7      6.037    22233.0   134216.0 
   10    no       50.1        1.7       67.5       43.2      0.076   134216.0    10150.0 
   11    no  6221432.2       89.2        0.0       44.3     13.223    10150.0   134216.0 
   12    no  6221579.3       53.4        0.0       45.7      2.043     4967.0    10150.0 
   13    no  6222531.6       54.3        0.0       54.8      0.910     3782.0     3442.0 
   14    no  6222577.9       60.1        0.0       55.3      1.099     3442.0     3782.0 
   15    no       73.6        0.1        3.5       57.0      0.425     8100.0     3442.0 
   16    no       45.5        0.0        6.8       64.3      1.079     7508.0     8100.0 
   17    no        8.2        0.3        1.6       79.6    324.006     2170.0   703092.0 
   18    no       46.6        4.4      359.8       91.9      0.004   703092.0     2832.0 
   19    no  6226486.0      286.8        0.0       93.0    248.267     2832.0   703092.0 
   20    no  6226630.2       75.4        0.0       94.4      0.694     4081.0     2832.0 
   21    no      104.4        5.2        0.0       97.4      1.370     3069.0     4205.0 
   22    no       12.1        0.1        2.5       99.8      0.730     4205.0     3069.0 
   23    no  6228237.1       35.8        0.0      110.1      0.731      839.0      613.0 
   24    no  6228334.0       36.5        0.0      111.1      1.369      613.0      839.0 
   25    no      103.8        0.4        2.9      134.6     22.132     1300.0    28772.0 
   26    no      103.7        8.5       11.6      136.5      0.045    28772.0     1300.0 
   27    no       28.4        1.4       10.5      138.5      1.582    18188.0    28772.0 
   28    no       21.2        0.0       10.8      141.0      1.905     9548.0    18188.0 
   29    no  6232062.2       59.4        0.0      147.8      0.778     8915.0     6938.0 
   30    no  6232122.8       53.3        0.0      148.4      1.285     6938.0     8915.0 
   31    no  6232879.4      150.9        0.0      155.9      9.908     4263.0    42238.0 
   32    no  6232977.6      178.2        0.0      156.8      0.101    42238.0     4263.0 
   33    no       10.5        0.2       11.1      169.0      0.094    25429.0     2398.0 
   34    no  6234296.6       55.3        0.0      170.0     10.604     2398.0    25429.0 
   35    no  6234523.9       66.2        0.0      172.2      0.236     9314.0     2195.0 
   36    no  6234647.4      133.0        0.0      173.5      4.243     2195.0     9314.0 
   37    no       18.3        0.4      441.2      175.5      0.003   656535.0     2195.0 
   38    no      103.0        0.4        4.6      180.5    208.159     3154.0   656535.0 
   39    no       12.6        0.1        2.7      198.1      1.255     4816.0     6045.0 
   40    no  6237986.1       63.9        0.0      207.0      3.389     6045.0    20485.0 
   41    no  6238082.6       74.6        0.0      207.9      0.295    20485.0     6045.0 
   42    no       24.7        0.7        3.6      218.0      0.283     3794.0     1075.0 
   43    no  6239577.1       68.3        0.0      223.0     34.898     1075.0    37515.0 
   45    no       17.6        0.0        6.1      230.4      0.690     9216.0     6355.0 
   46    no  6240873.3      427.8        0.0      236.2     38.227     6355.0   242935.0 
   48    no       98.8        4.8        0.0      254.0    515.596      820.0   422789.0 
   51    no  6244562.9       34.7        0.0      273.9      0.810     1328.0     1076.0 
   52    no  6244628.1       38.4        0.0      274.6      1.234     1076.0     1328.0 
   53    no  6244735.9       42.4        0.0      275.7      0.240     4489.0     1076.0 
   54    no  6244857.8       37.1        0.0      276.9      7.287      616.0     4489.0 
   56    no  6245150.4       83.2        0.0      279.9     17.578     1432.0    25172.0 
   57    no  6245850.0       34.9        0.0      287.1     14.083     2823.0    39755.0 
   59    no      101.2       20.8        0.0      292.9     22.511     1766.0    39755.0 
   63    no  6249156.0       98.8        0.0      321.4      0.683     4254.0     2906.0 
   64    no  6249263.3      101.8        0.0      322.5      1.464     2906.0     4254.0 
   66    no       10.8        0.0        3.2      343.4      0.975     1556.0     1517.0 
   67    no  6251441.4       70.8        0.0      345.2      0.960     1517.0     1457.0 
   68    no  6251549.5       80.1        0.0      346.3      1.166     1457.0     1699.0 
   69    no  6251646.4       71.8        0.0      347.3      0.858     1699.0     1457.0 
   70    no  6251765.5       67.5        0.0      348.6      2.104      986.0     2075.0 
   71    no  6251861.1       75.6        0.0      349.6      0.475     2075.0      986.0 
   72    no  6251959.4       69.6        0.0      350.6      0.626     3313.0     2075.0 
   73    no      100.4        2.6        0.6      352.7      2.600     2098.0     5454.0 
   74    no       22.2        0.5        6.1      354.3      0.385     5454.0     2098.0 
   75    no  6252463.5       63.7        0.0      355.9      0.336     2253.0      758.0 
   76    no  6252607.9       49.7        0.0      357.4      2.972      758.0     2253.0 
   77    no  6252785.3       72.1        0.0      359.3      0.873     2557.0     2232.0 
   78    no  6252885.6       57.9        0.0      360.3      1.146     2232.0     2557.0 
   79    no  6254666.8       51.6        0.0      379.0      4.769     1320.0     6295.0 
   80    no  6254776.2       53.9        0.0      380.2      0.210     6295.0     1320.0 
   81    no  6255200.6       57.3        0.0      384.7      3.173     1018.0     3230.0 
   82    no  6255333.3       58.7        0.0      386.1      0.315     3230.0     1018.0 
   83    no  6255523.4       57.6        0.0      388.1      0.379     3690.0     1398.0 
   84    no  6255652.7       52.3        0.0      389.5      0.372     1398.0      520.0 
   85    no  6255772.3       43.2        0.0      390.7      2.054      520.0     1068.0 
   86    no  6255851.6       38.9        0.0      391.6      0.487     1068.0      520.0 
   87    no  6255984.6       44.7        0.0      393.0      0.529     1432.0      758.0 
   88    no  6256106.5       35.1        0.0      394.2      1.889      758.0     1432.0 
   89    no  6256242.7       44.6        0.0      395.7      3.788      675.0     2557.0 
   90    no  6256337.0       49.4        0.0      396.7      0.264     2557.0      675.0 
   91    no  6256654.5       57.0        0.0      400.1      0.665     2343.0     1559.0 
   92    no  6256750.9       40.5        0.0      401.1      1.503     1559.0     2343.0 
   93    no  6256928.8       87.5        0.0      403.0      0.814    11664.0     9496.0 
   94    no  6256990.6       87.6        0.0      403.6      1.228     9496.0    11664.0 
   97    no  6259400.1      102.1        0.0      429.2      0.124    17405.0     2161.0 
   98    no  6259491.0       95.9        0.0      430.2      8.054     2161.0    17405.0 
  101    no       98.9        2.5        5.5      462.8      1.723      729.0     1256.0 
  102    no  6262711.6       41.3        0.0      464.6      0.326     1256.0      410.0 
  103    no  6262804.3       48.6        0.0      465.6      3.402      410.0     1395.0 
  104    no  6262887.3       46.3        0.0      466.5      0.294     1395.0      410.0 
  105    no  6263025.6       44.4        0.0      468.0      1.195     1167.0     1395.0 
  108    no  6266172.0      438.2        0.0      501.9      0.105    51545.0     5425.0 
  109    no  6266269.7      318.9        0.0      502.9      9.501     5425.0    51545.0 
  110    no  6266371.8      211.8        0.0      504.1      1.396     3887.0     5425.0 
  111    no  6266485.6      186.7        0.0      505.3      0.803     4842.0     3887.0 
  112    no  6266616.6      216.1        0.0      506.7      0.186    26082.0     4842.0 
  113    no  6266764.9      167.1        0.0      508.3      6.922     3768.0    26082.0 
  115    no  6270185.8      230.2        0.0      545.4      1.468     7374.0    10824.0 
  116    no  6270298.8      243.2        0.0      546.7      0.728    10824.0     7875.0 
  117    no  6270389.5      223.0        0.0      547.6      1.374     7875.0    10824.0 
  118    no  6270502.0      216.0        0.0      548.9      1.258     8068.0    10147.0 
  119    no  6270611.1      219.6        0.0      550.1      0.795    10147.0     8068.0 
  120    no  6270740.5      189.9        0.0      551.5      0.929     9786.0     9089.0 
  121    no  6270867.7      192.4        0.0      552.8      1.077     9089.0     9786.0 
  122    no  6271003.9      193.2        0.0      554.3      1.027     8180.0     8404.0 
  123    no  6271133.0      189.2        0.0      555.7      0.973     8404.0     8180.0 
  124    no  6271280.7      166.9        0.0      557.4      1.048     7722.0     8096.0 
  125    no  6271425.6      372.4        0.0      558.9     44.996     8096.0   364290.0 
  127    no       97.8      513.3       98.7      562.3      1.013     6938.0     7025.0 
  128    no       12.7       11.5       17.8      564.2      0.913     7025.0     6411.0 
  129    no       97.7        9.2        4.4      566.0      1.096     6411.0     7025.0 
  130    no       44.5        9.4        7.2      568.0      0.906     7079.0     6411.0 
  131    no  6272627.2      156.3        0.0      572.0      0.400     6503.0     2601.0 
  132    no  6272699.8      149.2        0.0      572.8      2.500     2601.0     6503.0 
  133    no  6272825.2      147.8        0.0      574.2      0.470     5536.0     2601.0 
  135    no       97.6       26.5       16.9      578.5      1.339     5021.0     6723.0 
  137    no       97.5       17.7       20.7      583.2      1.664     5216.0     8682.0 
  139    no  6274503.6      116.0        0.0      592.6      4.616     1608.0     7423.0 
  140    no  6274571.8      141.8        0.0      593.3      0.217     7423.0     1608.0 
  142    no  6274977.0      106.1        0.0      597.8      1.511     3750.0     5668.0 
  143    no  6275077.5      133.2        0.0      598.9      0.662     5668.0     3750.0 
  144    no  6275206.2       94.7        0.0      600.3      2.771     1216.0     3370.0 
  145    no  6275322.0      138.6        0.0      601.6      1.017     3370.0     3426.0 
  146    no  6275388.7      116.6        0.0      602.3      0.984     3426.0     3370.0 
  148    no       97.2       10.1        0.0      613.4     53.490     2763.0   147792.0 
  149    no  6276976.9       95.4        0.0      619.7      2.342     1566.0     3667.0 
  150    no  6277111.8      123.0        0.0      621.2     21.319     3667.0    78178.0 
  152    no  6277420.5       86.0        0.0      624.6      2.198     2008.0     4414.0 
  153    no  6277563.8      118.7        0.0      626.2      0.455     4414.0     2008.0 
  154    no       97.1        7.4        7.2      628.0      2.535      785.0     1990.0 
  155    no       11.6        0.4        5.9      629.7      0.394     1990.0      785.0 
  156    no  6278501.8      134.7        0.0      636.5     10.071     4400.0    44311.0 
  157    no       68.5        3.3       11.8      638.1      0.099    44311.0     4400.0 
  158    no       97.0        6.5        0.0      640.1      2.036     1349.0     2747.0 
  159    no       96.9      192.0       28.0      641.8      0.491     2747.0     1349.0 
  161    no        9.9       12.9        6.1      647.3     17.034     3521.0    59975.0 
  163    no  6280889.6      100.3        0.0      662.9      1.180     2388.0     2819.0 
  164    no  6280989.1      100.0        0.0      664.0      0.847     2819.0     2388.0 
  165    no  6281164.6       60.1        0.0      665.9      0.527     3358.0     1768.0 
  166    no  6281267.8       74.8        0.0      667.1      1.899     1768.0     3358.0 
  167    no  6281522.8       84.4        0.0      669.9      0.267     3948.0     1053.0 
  168    no  6281653.4       67.0        0.0      671.4      3.749     1053.0     3948.0 
  170    no  6283017.1       46.8        0.0      686.5      5.349      530.0     2835.0 
  171    no  6283140.6       80.0        0.0      687.9      0.196     2835.0      556.0 
  172    no  6283213.0       80.9        0.0      688.7      5.099      556.0     2835.0 
  173    no       10.6        0.3        7.4      700.3      0.556     2562.0     1424.0 
  174    no  6285146.5      102.8        0.0      710.1     45.813     1424.0    65238.0 
  176    no  6285420.4      100.7        0.0      713.2     31.380     2079.0    65238.0 
  177    no  6285971.3       94.6        0.0      719.3     11.993     2231.0    26757.0 
  179    no  6286622.8       58.3        0.0      726.5      0.739     2158.0     1595.0 
  180    no  6286713.7       51.3        0.0      727.6      1.353     1595.0     2158.0 
  181    no       13.5        0.7       61.5      733.6      0.044   130106.0     5670.0 
  182    no       92.7       51.4        0.0      737.1     22.946     5670.0   130106.0 
  183    no  6288849.2      115.2        0.0      751.4      0.587     3762.0     2209.0 
  184    no  6288973.0       99.1        0.0      752.7      1.703     2209.0     3762.0 
  185    no       16.6        0.2        6.7      754.4      0.566     3906.0     2209.0 
  186    no  6289271.3       96.6        0.0      756.1      0.765     5104.0     3906.0 
  187    no       24.6        0.0       25.6      758.5      0.064    30245.0     1922.0 
  188    no  6289585.5      169.2        0.0      759.6     15.736     1922.0    30245.0 
  189    no  6289691.3       90.6        0.0      760.8      0.901     2777.0     2503.0 
  190    no  6289765.3       93.5        0.0      761.6      1.109     2503.0     2777.0 
  191    no       18.7        0.4        6.8      768.7      0.376     6653.0     2503.0 
  192    no       24.9        0.1      137.6      777.5      0.071   286582.0    20256.0 
  193    no  6291629.0       73.3        0.0      782.4     14.148    20256.0   286582.0 
  194    no  6292788.0      212.1        0.0      795.4     43.429     4103.0   178189.0 
  195    no       32.8        0.0       78.6      796.5      0.023   178189.0     4103.0 
  196    no  6293017.4      316.7        0.0      797.9      1.834     4054.0     7437.0 
  197    no  6293140.7      254.4        0.0      799.3     41.049     7437.0   305281.0 
  198    no       33.3        1.1      122.2      800.4      0.024   305281.0     7437.0 
  199    no       35.1        3.8        2.6      805.5      1.052     4718.0     4962.0 
  200    no       31.4        0.0        5.3      807.1      0.951     4962.0     4718.0 
  201    no       95.5        1.6       10.0      808.9      0.908     4110.0     3730.0 
  202    no       26.9        0.5        5.1      810.7      1.102     3730.0     4110.0 
  203    no       44.9        1.3        4.4      812.6      1.085     4296.0     4663.0 
  204    no       51.2        0.3       14.7      814.6      0.921     4663.0     4296.0 
  205    no       93.9        2.5       12.5      816.7      1.030     3454.0     3559.0 
  206    no       33.7        1.6        1.1      818.6      0.970     3559.0     3454.0 
  207    no  6295060.9       90.4        0.0      820.8      0.631     4493.0     2833.0 
  208    no  6295165.8       96.0        0.0      822.0      1.334     2833.0     3780.0 
  209    no  6295254.4       95.5        0.0      823.0      0.749     3780.0     2833.0 
  210    no       49.1        0.1       18.0      825.0      0.193    19552.0     3780.0 
  211    no       50.5        0.3      217.5      841.1      0.011   680979.0     7234.0 
  212    no       67.2        8.2        4.1      851.3      0.224     7234.0     1624.0 
  213    no       95.1       11.1        0.0      854.3      1.589     1624.0     2581.0 
  214    no  6298216.2       69.0        0.0      856.2      0.568     2581.0     1466.0 
  215    no  6298323.1       77.2        0.0      857.4      1.761     1466.0     2581.0 
  216    no       77.0        6.7       18.3      863.9      0.058    36122.0     2086.0 
  217    no  6299074.3      120.3        0.0      865.8      0.547     2086.0     1142.0 
  218    no  6299173.6       85.8        0.0      866.9      1.827     1142.0     2086.0 
  219    no  6299446.1       47.0        0.0      870.0      0.573     3756.0     2152.0 
  220    no  6299526.9       77.1        0.0      870.9      1.745     2152.0     3756.0 
  221    no       83.9        1.0       89.1      886.5      0.213   228212.0    48597.0 
  222    no       73.2        0.0       23.7      892.1      0.036    48597.0     1765.0 
  223    no       94.9       85.7       19.4      895.1      1.147     1765.0     2024.0 
  224    no  6301906.5       35.5        0.0      897.5      0.236     2024.0      478.0 
  225    no  6302018.7        nan        0.0      898.7      4.234      478.0     2024.0 
