   ID    ok   Diff(mA)       chi2        SNR     Diff/R      I1/I0         I0         I1 
    4    no  6358620.7       61.4        0.0       22.2      0.144    30829.0     4429.0 
    5    no  6358694.0       62.9        0.0       22.9      6.961     4429.0    30829.0 
    6    no       39.5        0.5       13.6       27.0      0.057    19305.0     1100.0 
    7    no  6359368.3       26.5        0.0       29.2      3.736     1100.0     4110.0 
    8    no  6359482.9       48.6        0.0       30.2      0.268     4110.0     1100.0 
    9    no       31.4        0.4       27.6       32.0      0.060    68608.0     4110.0 
   10    no  6361293.4       34.5        0.0       47.1      4.838      550.0     2661.0 
   11    no  6361414.7       39.9        0.0       48.3      0.207     2661.0      550.0 
   12    no  6361573.8       32.2        0.0       49.8      2.677      994.0     2661.0 
   13    no      107.5        1.4        0.0       54.1     24.988     1562.0    39032.0 
   14    no       34.9        0.2       18.1       56.1      0.040    39032.0     1562.0 
   15    no       34.7        0.2       17.3       65.7      0.096    24123.0     2320.0 
   16    no      107.1        0.6        0.7       75.0      4.251     2320.0     9863.0 
   17    no       32.5        1.1        1.6       76.6      0.235     9863.0     2320.0 
   18    no  6364648.7       49.0        0.0       78.7      0.646     9178.0     5925.0 
   19    no  6364801.8      297.8        0.0       80.2     39.577     5925.0   234492.0 
   20    no       37.2        0.2       60.9       81.1      0.025   234492.0     5925.0 
   21    no  6366180.0       22.7        0.0       93.3      2.099      738.0     1549.0 
   22    no  6366292.7       27.0        0.0       94.4      0.476     1549.0      738.0 
   23    no  6366406.1       19.8        0.0       95.4      4.451      348.0     1549.0 
   24    no      106.7        0.2        5.4       98.1      0.559      623.0      348.0 
   25    no      106.6        0.2        2.5      103.4      0.157     6088.0      954.0 
   26    no  6367584.5       22.2        0.0      106.7      1.242      954.0     1185.0 
   27    no  6367662.7       22.5        0.0      107.4      0.805     1185.0      954.0 
   28    no       24.8        3.5      178.3      125.8      0.020   619407.0    12640.0 
   29    no       24.2        0.0        4.6      137.5     57.814    12640.0   730773.0 
   30    no       19.7        3.6      356.7      148.6      0.094   730773.0    68640.0 
   31    no       52.7       17.6       15.2      150.4     10.646    68640.0   730773.0 
   32    no       13.9        0.6        3.5      153.6      4.133    16606.0    68640.0 
   33    no  6374139.7       17.4        0.0      170.0      2.721      873.0     2375.0 
   34    no  6374269.5       20.8        0.0      171.2      0.368     2375.0      873.0 
   35    no  6374824.8       32.6        0.0      176.7      0.326     1443.0      470.0 
   36    no  6374928.2       28.4        0.0      177.7      3.070      470.0     1443.0 
   37    no  6375947.0       38.1        0.0      187.6      0.214     4190.0      895.0 
   38    no  6376022.1       34.5        0.0      188.4      4.682      895.0     4190.0 
   39    no       48.3        0.1        0.6      190.8      0.811     1104.0      895.0 
   40    no       39.9        1.0       14.2      195.1     30.410    25717.0   782052.0 
   41    no       10.5        2.6      565.1      197.3      0.033   782052.0    25717.0 
   42    no       31.9        0.3        2.7      202.8      1.281     3517.0     4506.0 
   43    no        1.0        0.0        2.6      207.5      0.490     4506.0     2207.0 
   44    no  6378356.8       61.6        0.0      211.3      0.690     2207.0     1522.0 
   45    no  6378471.8       47.2        0.0      212.5      1.450     1522.0     2207.0 
   46    no  6378633.9       46.3        0.0      214.1     11.920      969.0    11550.0 
   48    no  6378944.4       49.8        0.0      217.1      2.063     1089.0     2247.0 
   49    no  6379003.0       53.6        0.0      217.7      0.485     2247.0     1089.0 
   50    no  6379096.9       78.9        0.0      218.7      4.461     2657.0    11854.0 
   51    no  6379171.8       84.8        0.0      219.4      0.224    11854.0     2657.0 
   52    no  6379566.9      116.5        0.0      223.3     83.627     1027.0    85885.0 
   54    no  6379792.7      100.0        0.0      225.5     30.597     2807.0    85885.0 
   55    no       27.6        0.2        2.4      232.3      0.610     4598.0     2807.0 
   56    no  6381264.0       70.2        0.0      240.2     63.748      659.0    42010.0 
   58    no  6381482.6       61.6        0.0      242.3     84.869      495.0    42010.0 
   59    no  6381620.2       32.9        0.0      243.7      0.504      983.0      495.0 
   61    no        2.8        0.0        2.8      247.2      7.117     2588.0    18420.0 
   62    no  6382692.9       67.2        0.0      254.4      0.226    11560.0     2607.0 
   63    no  6382797.6       58.3        0.0      255.4      4.434     2607.0    11560.0 
   64    no  6383097.8       56.4        0.0      258.4      1.111     6375.0     7082.0 
   65    no  6383224.4       74.2        0.0      259.7      1.526     7082.0    10806.0 
   66    no  6383343.8       83.2        0.0      260.9      0.655    10806.0     7082.0 
   67    no  6385462.4       33.6        0.0      282.2      0.413     2877.0     1187.0 
   68    no  6385582.3       30.2        0.0      283.4      2.424     1187.0     2877.0 
   69    no  6385757.0       24.4        0.0      285.1      1.791      449.0      804.0 
   70    no  6385840.6       26.3        0.0      286.0      0.558      804.0      449.0 
   71    no      103.4        0.6        0.0      295.4      3.700     1665.0     6161.0 
   72    no        0.5     2605.0        0.1      298.5      0.270     6161.0     1665.0 
   74    no        1.7        0.0        2.2      306.4    206.524     3732.0   770748.0 
   75    no  6388340.1      201.3        0.0      311.2      0.989    47215.0    46710.0 
   76    no  6388418.5      209.6        0.0      312.0      1.011    46710.0    47215.0 
   79    no  6389484.0      117.1        0.0      322.8     16.006     5300.0    84831.0 
   81    no      102.9        1.2       10.3      332.1     25.463     1161.0    29562.0 
   82    no  6391133.6      109.5        0.0      339.7      3.320     6976.0    23160.0 
   83    no  6391178.2      116.2        0.0      340.1      0.301    23160.0     6976.0 
   84    no        2.2        1.8        0.9      343.6     34.413      673.0    23160.0 
   86    no        2.9        0.1        0.8      360.8     38.858     1893.0    73558.0 
   90    no       10.9        0.9        0.9      379.8      2.623    13977.0    36656.0 
   91    no  6395541.2       67.1        0.0      384.9      2.195     1045.0     2294.0 
   92    no  6395620.4       68.6        0.0      385.7      0.456     2294.0     1045.0 
   93    no       28.9        5.2       57.5      395.9      0.079   108581.0     8593.0 
   94    no  6396715.5      391.5        0.0      397.0     12.636     8593.0   108581.0 
   96    no        8.5       21.5        2.8      402.0      0.152    12801.0     1952.0 
   97    no  6397389.0      146.3        0.0      404.0     11.599     1952.0    22642.0 
   98    no       29.1        1.7        4.4      404.7      0.086    22642.0     1952.0 
   99    no        8.5        0.7        2.1      406.3     13.013     1740.0    22642.0 
  101    no  6399949.2      138.7        0.0      430.6      0.186    27262.0     5062.0 
  102    no  6400012.9      141.0        0.0      431.3      5.386     5062.0    27262.0 
  104    no  6402935.3      303.9        0.0      461.8     12.259     8348.0   102338.0 
  106    no  6403784.5       76.9        0.0      470.7      8.550     1261.0    10782.0 
  107    no  6403862.2       85.6        0.0      471.5      0.117    10782.0     1261.0 
  108    no        9.2        1.1        1.2      479.6      1.428     3260.0     4654.0 
  109    no        9.7        0.0        2.2      484.4      0.700     4654.0     3260.0 
  113    no  6414042.5      169.1        0.0      579.5      7.461     1843.0    13751.0 
  114    no  6414140.9      181.6        0.0      580.5      0.134    13751.0     1843.0 
  115    no       99.8        2.8        9.0      582.5      1.228     1379.0     1693.0 
  116    no  6414494.4      136.2        0.0      584.3      0.815     1693.0     1379.0 
  117    no  6414701.7      167.9        0.0      586.5      0.226     9707.0     2190.0 
  118    no  6414812.3      171.5        0.0      587.7      4.432     2190.0     9707.0 
  119    no  6414952.5      162.0        0.0      589.2      0.946     2315.0     2190.0 
  120    no  6415117.2      158.3        0.0      591.0      0.726     1970.0     1430.0 
  121    no  6415262.9      151.6        0.0      592.5      1.492     1430.0     2134.0 
  122    no  6415404.4      158.5        0.0      594.1     19.805     2134.0    42263.0 
  124    no  6417831.3      104.7        0.0      620.1      5.751     1075.0     6182.0 
  125    no  6417906.5      109.5        0.0      620.9      0.174     6182.0     1075.0 
  129    no       98.7        1.6        0.0      688.5      9.352     3286.0    30731.0 
  131    no        5.4        0.4        3.3      704.5     15.544     1977.0    30731.0 
  132    no  6427404.4       69.7        0.0      723.7      4.035     2905.0    11723.0 
  133    no  6427503.8       81.5        0.0      724.8      0.248    11723.0     2905.0 
  134    no       20.7        0.0       15.4      738.7      0.012    47999.0      557.0 
  135    no  6429320.3       54.7        0.0      744.6     86.174      557.0    47999.0 
  136    no       38.1        0.0        2.4      784.3      0.425     3970.0     1688.0 
  137    no  6434648.5       36.1        0.0      802.9      1.093     1688.0     1845.0 
  138    no  6434793.4       42.5        0.0      804.4      0.527     1845.0      973.0 
  139    no  6434892.4       48.5        0.0      805.5      1.896      973.0     1845.0 
  140    no  6434992.6       59.9        0.0      806.6      1.232      790.0      973.0 
  141    no       38.4        0.1       13.6      808.1      0.056    14193.0      790.0 
  142    no       56.1        0.1        1.0      816.6      1.849      801.0     1481.0 
  143    no       19.7        0.1        1.7      822.7     20.979     1481.0    31070.0 
  144    no       55.6        0.0        8.4      825.0      0.048    31070.0     1481.0 
  145    no  6437106.2       37.3        0.0      829.8      0.857     1128.0      967.0 
  146    no  6437240.6       35.4        0.0      831.3      1.166      967.0     1128.0 
  147    no       50.6        0.0       39.8      835.2      3.400    87821.0   298576.0 
  148    no       52.3        0.0      107.0      837.0      0.294   298576.0    87821.0 
  149    no  6438308.3       91.9        0.0      843.0      0.221    31196.0     6880.0 
  150    no  6438386.0      115.2        0.0      843.8      4.534     6880.0    31196.0 
  151    no  6438600.9       48.3        0.0      846.2      1.871     1784.0     3338.0 
  152    no  6438676.8       53.1        0.0      847.0      0.534     3338.0     1784.0 
  153    no  6440238.3       46.7        0.0      864.2      5.327      982.0     5231.0 
  154    no  6440354.9       50.7        0.0      865.4      0.188     5231.0      982.0 
  155    no       78.9        0.0        4.2      875.6      8.633    12548.0   108324.0 
  156    no       86.3        0.2       52.8      882.4      0.116   108324.0    12548.0 
