   ID    ok   Diff(mA)       chi2        SNR     Diff/R      I1/I0         I0         I1 
    1    no       31.1        0.0       45.0        0.0      1.000        1.0        1.0 
    2    no       18.9        0.2      549.0        9.0      1.000        1.0        1.0 
   14    no       96.8        5.4        1.0      424.8      1.000        1.0        1.0 
   16    no       12.5        3.9      159.1      501.9      1.000        1.0        1.0 
   22    no       10.0      569.6    56808.8      665.8      1.000        1.0        1.0 
   26    no       10.2        0.3      634.2      764.6      1.000        1.0        1.0 
   31    no       77.0        1.6       80.4       26.4      1.000        1.0        1.0 
   32    no       36.4        6.2       38.2       23.2      1.000        1.0        1.0 
   33    no       50.0        0.3      458.8       15.6      1.000        1.0        1.0 
